2850
58,760147
58,626293
58,007798
56,702552
55,639562
54,723430
52,167518
50,614753
51,979370
53,958629
55,598449
56,903350
57,077027
56,219260
55,802566
56,034895
56,917133
57,807832
59,180098
61,767548
69,531159
71,086617
70,278509
67,656407
63,925161
60,796047
58,648803
57,441149
57,494144
58,705662
60,034882
63,128828
68,745766
72,868224
75,697010
76,999780
77,806375
80,028052
81,052649
81,295010
80,993483
78,391159
74,651995
74,346560
80,783188
82,366044
81,604038
78,074908
73,694232
69,690611
67,034332
65,603291
65,133831
65,893965
66,508378
69,528456
75,137113
78,856766
81,893041
82,866379
83,214476
85,771290
87,168976
87,354702
86,632216
82,767811
78,503314
78,377066
83,190442
84,137837
83,398820
79,934495
75,797521
71,664880
69,555662
68,191560
67,880213
68,576173
69,729360
72,334773
76,908450
80,689345
82,933896
83,316803
83,321282
85,763614
86,266848
85,636305
83,896012
81,365208
78,314342
78,289777
82,098332
82,094891
81,040953
77,971210
74,230007
70,483692
67,815989
66,208250
65,502502
65,348393
65,115473
65,405935
67,645020
69,927725
71,307473
71,625496
71,308566
71,291308
71,195174
71,090689
71,115684
71,438749
71,755291
73,481245
78,617689
77,699485
74,958592
71,633079
68,100185
64,724776
62,322581
60,829228
59,778811
59,188650
57,344108
56,462237
58,446304
60,971977
63,005662
64,280478
64,925905
64,735416
64,848261
65,627692
66,563010
68,349654
69,181230
70,220381
76,894085
78,029676
77,442756
74,523082
70,487927
67,206239
64,730013
63,313235
63,003194
64,530256
66,588885
70,560021
77,240764
81,903948
84,882126
85,743208
85,689629
88,605044
90,340681
90,790359
90,119149
85,508892
80,123664
78,491129
85,701020
88,438971
88,256474
84,431234
78,837090
74,230816
71,195337
69,458534
69,152078
70,322274
71,335922
75,261828
81,528756
85,815389
88,970724
89,286764
88,998245
92,123956
93,945085
93,680661
91,676482
87,246840
81,727337
80,547711
86,064862
88,350638
88,511461
85,336932
80,095717
75,619777
72,856867
71,266081
70,584044
71,547898
72,870141
76,574244
82,627625
86,664166
88,848643
89,067297
88,894318
91,952366
93,653725
93,955257
93,023374
88,154963
82,314269
80,637938
87,011717
89,028756
89,036540
85,419492
80,390070
75,971828
73,518578
71,824496
71,045497
71,817506
73,145823
77,056585
83,041269
86,867007
89,571172
89,491020
89,195453
92,054633
93,817479
94,193766
93,001180
88,376175
82,678009
81,026590
87,107723
88,888271
88,346776
85,249699
80,142959
75,925819
73,201449
71,718340
71,062269
71,983061
73,337395
77,176348
83,270036
87,154059
89,945302
89,924025
89,630151
92,254739
93,826649
93,030341
90,443254
86,376383
80,197466
78,472525
84,543306
86,191922
85,958884
83,208341
79,192895
75,511316
73,030001
71,416946
70,538627
70,386197
69,438860
69,707368
73,312805
76,472859
78,082321
78,287256
78,406734
78,532472
78,386018
78,057924
77,457514
76,981225
76,400945
76,876633
82,312371
82,048572
79,644895
77,196018
74,123707
70,865970
68,201351
65,994355
64,616379
63,766293
61,720862
60,614113
62,542102
63,990770
65,499379
66,831993
66,797033
67,331125
68,035696
68,733227
69,642878
71,016141
71,577418
72,004866
78,869777
80,580795
80,593302
78,519767
74,939088
71,579358
69,113212
67,648695
67,414869
68,819074
70,986658
74,984335
81,817396
86,662852
89,400133
89,753000
89,697190
92,872249
94,560898
94,832201
93,883268
88,209083
81,912031
80,340717
87,223107
89,793318
89,685680
85,840037
80,941989
76,628899
73,888151
72,176887
71,689867
72,739669
74,486827
78,085787
83,796221
87,846237
90,391989
90,478736
90,487675
94,082135
96,248584
96,453357
95,176317
89,979950
84,055598
81,944898
88,164778
90,759541
90,755735
87,650513
82,851049
78,680043
75,707692
73,757688
73,340301
74,554787
76,495844
79,864621
86,103439
90,419188
93,063660
93,314636
93,293164
96,389655
98,454792
98,695610
97,182061
90,734738
84,244438
82,401664
86,680515
88,398583
88,949305
85,890075
81,078761
77,128855
74,510927
73,339834
72,787248
73,573452
75,321485
78,629062
84,852736
88,925672
91,231901
90,859906
91,084362
94,686634
96,478657
96,756666
95,603918
90,355615
84,255769
82,542954
88,266463
90,424249
90,762139
87,894976
83,262708
79,125511
76,281076
74,596046
74,105961
75,132405
76,781245
80,201911
86,322906
90,179457
92,522021
92,395444
92,550401
95,548019
96,800204
96,343304
93,396034
88,054481
82,408616
81,449249
86,709398
87,761026
87,291757
84,269629
80,491366
76,762311
74,055468
72,366139
71,348835
71,358882
70,992358
71,097830
74,857964
77,940271
79,567647
80,022452
79,947114
80,181611
80,460633
80,319470
80,011369
79,653881
78,999506
79,011725
84,916931
84,930740
82,800331
80,757893
77,608848
74,284460
71,458714
68,985478
66,745337
66,527254
65,025644
63,183929
64,631058
66,481485
68,192516
69,408526
69,980741
70,444941
70,942513
71,408438
71,562146
72,710313
73,210489
74,899165
80,743815
82,331529
82,409921
80,134617
76,568954
73,240153
70,898418
69,765177
69,533477
70,852151
73,545348
77,298803
84,087775
88,958108
92,097859
92,339093
92,546421
95,836473
97,855586
98,411797
97,053332
91,358140
85,072473
83,136386
89,403409
92,244948
92,551224
89,336040
84,453447
80,629618
77,708948
75,861134
75,423996
76,089265
77,998178
81,264960
88,139817
92,736674
95,594892
95,549660
95,099188
98,606942
99,632015
99,253632
97,532752
92,229136
85,876094
83,708624
89,712574
92,485187
92,798808
89,901721
85,100107
80,772091
77,976097
76,425508
75,843974
76,829742
78,672072
81,982061
87,652054
92,484368
94,807216
94,852505
94,532705
97,878401
99,897984
99,908423
98,575544
92,592285
85,743699
83,392214
89,562993
92,069161
92,534609
89,031193
84,241137
80,228399
77,441134
75,718501
75,196504
76,275899
78,157987
81,331994
87,705614
91,991633
94,306341
94,034445
93,968720
97,178765
98,780956
98,329032
95,677494
90,053024
83,950423
82,448486
88,004848
90,119648
90,269380
87,345109
82,665695
78,220471
75,726160
74,333957
73,907169
74,480083
76,374438
78,046843
83,558304
87,465103
89,678202
89,443098
89,262592
91,440338
92,571378
91,848862
88,478231
83,624115
79,207245
78,530521
81,410536
82,224614
81,360502
78,316008
74,390531
70,669239
68,052557
66,691712
65,941230
66,055236
66,108142
66,281101
69,912400
73,309859
74,908533
75,015207
75,195205
75,307264
75,230373
74,972424
74,659901
74,473721
74,213399
75,149470
80,408531
79,838872
76,563775
73,746982
70,407013
67,007674
64,484188
62,912475
61,884784
61,237213
60,233306
58,796101
60,542234
62,371902
63,971979
65,126013
65,715159
65,769593
65,719384
66,516708
67,748921
69,523359
70,229456
70,965454
77,769545
78,828448
78,625360
75,723598
71,890306
68,270328
66,406356
65,362817
65,063544
66,906755
70,678087
74,702929
81,641199
86,365988
89,625977
89,721362
89,306028
92,097260
94,216717
94,819360
93,962082
88,619179
82,466181
81,059261
88,257304
91,332629
90,889656
86,813292
81,213797
77,084778
74,276324
72,700992
72,064879
73,225045
75,776754
79,118716
86,005759
90,272371
93,805538
94,034955
93,303170
96,700843
98,153974
97,901990
96,445803
90,616585
84,261000
82,341774
89,357474
92,585038
92,268169
88,415161
83,057771
78,747203
75,945865
74,215638
73,930292
74,910524
77,280029
80,231883
86,678834
91,538559
94,479916
95,226020
94,121846
97,545298
99,697284
100,000000
98,449326
91,885584
85,502362
83,135929
90,131552
92,784901
93,073266
89,760739
85,211063
80,418409
77,577947
75,723693
74,929567
75,673636
77,643012
80,239701
86,698172
91,532704
94,461751
94,578274
94,710254
97,963762
99,924693
99,971822
98,289093
92,477515
85,979435
83,702740
88,797955
92,271774
93,047289
90,095367
85,286160
81,010822
78,132700
76,020659
75,362153
76,433008
78,511979
81,049868
87,442625
91,721916
94,477366
94,964603
94,280103
97,804841
99,894050
99,571527
97,074288
92,838440
86,159160
83,581742
89,803503
91,995497
92,152862
90,160744
86,011616
82,196500
79,386093
77,193205
75,954435
75,280453
74,718228
74,017891
77,346869
80,574933
82,299707
82,528321
82,160863
82,107711
82,259512
82,356704
82,099083
81,550459
80,737878
81,363084
87,592253
87,475985
85,638851
83,860036
80,722065
77,480745
74,975598
72,711291
71,047059
69,980250
68,525590
65,800724
66,865835
68,490275
69,405760
70,479684
71,212859
71,492810
71,959364
72,850051
73,672677
74,466403
74,448753
74,942393
80,939083
82,622496
82,879725
80,996797
76,849581
74,030577
71,354624
70,043267
69,612089
71,114375
74,665110
77,398117
82,557781
85,999832
87,859181
88,015539
86,480573
88,358006
90,074080
90,158259
89,027943
84,358128
79,207784
78,554430
83,720253
85,227818
83,669266
79,068197
73,769860
70,398836
67,736991
66,461198
66,431967
68,215246
72,396168
74,914693
79,432405
82,574613
84,682485
84,623576
83,246985
85,644452
87,113415
86,872344
86,052488
81,507628
77,550604
77,062474
81,723830
82,562954
80,949729
76,280618
70,975972
66,849831
64,606803
63,525891
63,519264
66,075914
70,811584
73,349866
77,643503
80,727949
82,965150
82,777083
80,800470
82,815962
83,818314
84,034576
83,618302
80,212527
76,936581
76,848080
80,788708
79,981162
77,769706
72,623045
67,826104
64,047422
61,810022
60,840127
61,094783
63,724152
68,696863
70,928857
75,006543
77,767462
80,140720
81,265421
79,732665
81,961744
84,049058
84,717921
84,600512
81,032370
77,173306
76,600454
81,764101
82,106261
80,055329
76,213663
70,746731
66,689644
64,014993
62,804402
62,757778
65,121031
69,767646
71,998999
77,357888
81,355620
84,571868
85,649076
84,541359
87,152582
88,808989
88,784983
87,097150
83,036017
78,543767
77,840161
83,155240
83,584034
82,057526
78,953800
73,830883
69,611652
66,535038
64,644334
64,182079
64,229227
64,645098
64,738770
68,757520
72,428846
74,621956
75,311915
75,265297
75,462966
75,725081
75,665786
75,160175
74,684158
74,479524
75,330405
81,333507
80,510471
77,499810
74,778937
71,592181
68,102209
65,361014
63,593023
62,481029
61,713924
60,827118
59,214342
61,108853
63,272574
65,063981
66,270645
66,779954
67,121317
67,381671
67,823172
68,819596
70,638616
71,281921
72,561859
79,046029
80,412868
80,279825
77,274739
73,371871
69,846331
67,883582
66,481443
66,286245
68,618187
73,217023
75,734600
81,877479
85,868191
89,665629
90,696202
89,619755
92,587927
94,805314
95,048431
94,575693
88,849324
83,163407
82,524821
88,516601
90,306896
89,195239
85,299837
80,778176
77,068851
74,456108
72,728645
72,293945
73,804732
77,671470
80,152873
84,971548
88,164222
90,404142
90,746287
89,016155
91,609319
93,411952
93,845151
92,827529
87,998911
83,470054
83,458886
87,638564
87,853923
86,034844
81,381826
75,944128
72,362093
69,833104
68,576099
68,214835
70,272230
74,921201
76,866939
80,942165
83,547988
85,533703
85,225708
83,157711
84,266196
85,649433
85,377643
84,604323
80,854393
77,696491
77,659352
81,749743
81,447086
79,391797
74,725134
69,859575
65,891929
63,533142
62,632228
62,731387
65,454729
70,274312
72,591208
77,197018
80,341711
82,934654
83,208257
81,444592
82,905519
84,026667
84,350972
83,883031
80,310578
77,013971
77,412581
82,393981
82,151546
80,039937
75,685258
70,742488
66,704850
64,381897
63,034027
63,193870
65,663177
70,759449
73,045286
77,707271
80,670911
82,944771
83,342418
81,405429
82,549288
83,500293
83,239754
81,906898
79,701743
77,225603
78,480031
81,255707
80,116155
78,707733
74,807285
70,461749
66,851761
64,179504
62,874849
62,621483
62,891803
64,361831
65,508813
67,906109
70,997102
72,863488
72,805750
71,962421
71,361635
70,877592
70,651795
70,868940
71,135806
71,808654
74,155321
77,292551
75,128732
71,242270
69,248736
61,417449
59,237757
57,361884
56,424722
56,003034
55,530972
53,764431
55,510578
58,212686
60,490652
61,686273
63,222253
63,595887
63,241027
63,087731
63,314651
64,508443
67,428739
70,932549
75,363346
74,801590
72,870708
70,317065
66,168469
62,621582
60,098283
58,452710
57,974184
58,340978
61,565568
65,270325
70,500676
77,237355
81,587433
84,049691
84,759884
83,007049
84,668673
85,969239
85,924136
84,952600
80,366407
79,973384
84,146965
83,893817
82,552689
78,395598
72,549750
67,437147
64,248674
62,111860
61,361185
61,628665
64,499087
67,637788
72,675236
78,883853
82,751022
85,675487
86,468066
85,005563
86,916854
88,481131
88,464017
87,404050
81,817532
80,727699
85,759793
85,513709
84,814356
80,731280
74,811386
69,263139
65,779076
63,724472
62,727745
62,811320
65,134158
68,050905
73,082191
79,601711
84,107958
86,976283
88,002914
86,006585
88,005264
89,013491
89,281434
88,058026
82,465058
81,892977
85,464974
85,030085
84,203097
80,733133
75,683817
70,496711
66,602171
64,258887
63,181277
63,359663
65,599903
68,215287
72,608505
78,676479
82,980105
85,260566
85,579222
83,881875
85,643926
86,902772
86,700376
85,852476
81,010440
80,240227
84,635629
84,396083
83,593742
80,086680
75,196581
70,311312
66,547230
64,526528
63,513417
63,524019
65,751329
68,566678
73,520669
80,236818
84,672610
87,782052
88,805058
87,332391
89,578236
91,099542
90,529069
87,958425
82,596492
81,724987
85,505511
84,974231
83,925122
81,304750
76,984146
72,678898
69,145210
66,590071
65,018333
64,573542
64,626598
63,617956
66,800177
71,937207
74,957805
77,484093
78,136581
78,098902
78,243645
78,446691
78,367021
77,755893
77,604161
80,514479
85,339059
83,697136
81,461287
78,621083
75,577997
71,855119
68,756815
65,978925
64,322226
63,022972
62,184195
59,394332
60,779782
63,999550
66,392426
68,090408
69,367433
69,775868
69,826097
70,268027
70,848092
71,745106
72,812908
75,741208
80,917863
81,102309
80,700789
79,383221
76,156849
72,566463
69,558237
67,284335
66,352181
66,330138
68,502988
70,746283
76,179073
83,551444
88,513983
91,577211
92,476309
91,477430
93,712452
95,496464
95,387056
93,297428
86,660034
84,119402
86,237367
85,987452
86,025907
83,218539
78,543655
74,165003
70,963571
68,545444
67,418163
67,418128
69,402015
71,401295
75,543039
81,466510
84,906544
87,389789
87,906778
85,895721
86,146177
85,935232
85,669896
84,540104
80,074201
80,371786
83,264264
83,318596
82,819188
79,955869
75,187599
70,279366
66,902854
65,042891
64,032366
64,297693
66,863429
69,604600
73,801073
79,254780
82,636526
85,620705
86,239893
85,176801
86,788775
88,554891
88,589420
87,536931
82,261728
82,641263
86,447330
85,917968
84,397993
81,011722
76,116137
71,449032
67,686746
65,160684
64,021274
64,356670
67,180988
70,261034
74,244811
79,363666
82,272115
83,525660
83,791703
82,844139
84,069282
85,379636
85,082170
83,767126
79,390478
80,826710
84,170638
83,312638
82,320901
78,826156
74,071521
69,178271
65,439602
63,374134
62,342690
62,610614
65,009757
67,771153
72,028044
77,369217
80,726330
82,617989
82,872969
81,487920
82,838611
84,350307
83,939268
81,983673
78,655200
79,829744
82,547728
81,436457
79,646387
76,847282
73,219846
69,116581
65,447112
62,995068
61,760194
61,200364
61,219590
60,084652
62,130799
65,888919
68,659382
70,180778
70,500190
70,140747
69,691120
69,471708
69,329499
69,540630
70,118384
75,081220
78,509850
76,627914
73,558011
70,431778
66,924311
61,075816
60,112571
58,148546
56,737534
56,086300
55,688936
53,282319
54,012725
56,915227
59,109668
60,681035
61,944870
62,222210
62,091184
61,886703
62,157346
62,741521
64,859564
69,248055
72,537440
71,491301
69,990226
67,729539
64,625719
61,456774
58,748994
56,934499
55,779801
55,753057
56,357895
55,891052
58,743405
63,166843
66,477108
68,356950
69,019839
69,187787
69,985570
70,406480
70,644624
70,436770
68,573418
72,311556
76,649662
75,371310
74,020296
71,948207
68,276231
64,937549
61,915756
59,895293
58,683940
58,348066
58,722392
57,016001
58,767258
62,198337
65,043121
67,040350
68,315274
68,981462
69,773722
69,887727
69,950689
69,967102
69,068413
73,484510
79,025217
77,980334
76,505070
74,211692
70,250004
66,483977
63,415195
61,399537
60,259106
60,123119
61,247757
61,807779
66,715260
72,653635
76,665817
79,572203
80,402057
81,530573
84,604441
86,024068
85,870808
84,490690
79,981739
81,119098
83,980444
83,565426
83,194813
80,583957
75,774682
71,298492
67,690930
65,665476
64,365178
64,245893
66,130329
68,350083
73,737857
80,361650
84,449740
87,418691
87,601264
86,601974
88,383634
89,943910
89,228859
87,765007
82,799181
83,443893
86,725995
86,201551
85,904371
83,001719
78,243286
73,481474
69,577163
67,205867
65,790730
65,738834
67,608105
69,643812
74,683124
80,577776
84,475417
86,769982
88,031139
87,302762
89,973994
91,985484
92,009365
89,526315
83,938837
84,450608
88,573924
87,580323
86,800518
84,653686
80,926592
76,775379
73,205862
70,207935
68,476108
67,690900
67,226150
65,643662
68,445567
73,095010
76,485022
78,401667
78,996598
78,758456
78,933171
79,266910
78,737560
78,371791
77,805035
81,955138
85,729223
83,829281
81,608599
78,823436
75,843872
72,648081
69,103869
66,204229
64,325103
63,299302
62,353344
59,519504
60,178730
62,750518
64,831996
66,475613
68,165654
68,729365
68,492954
68,394063
68,383705
68,797935
70,509700
75,817218
78,591362
77,861624
76,909668
75,180919
71,880166
68,142580
65,177492
63,223431
62,093695
62,097486
64,503382
67,209066
71,368348
77,514099
81,477100
83,705202
84,148675
82,596832
84,511734
86,217290
86,208410
85,086721
79,719154
80,416677
83,773443
83,616509
83,421708
80,039901
74,837551
70,160809
66,530825
64,424950
63,332192
63,541030
66,000452
68,553046
72,717277
78,314881
82,428436
85,516647
86,174736
85,039994
87,278626
89,054959
89,213416
87,876036
82,067913
83,245203
86,358501
86,288800
85,968343
82,562636
77,545505
72,365332
68,120957
65,859325
64,652547
64,665237
67,244968
69,970218
74,285348
80,626897
84,786075
87,812837
88,701513
87,542618
90,081504
91,685844
91,312352
88,709983
82,994909
84,121326
86,904894
86,701662
86,722058
83,508701
78,322787
73,355071
69,613826
67,053274
65,815118
65,801072
68,056694
70,522099
74,470885
80,802512
85,054149
88,157809
89,185663
87,900488
90,208600
91,638996
91,192379
89,757432
84,190904
85,244604
87,521803
86,903678
86,805470
83,578106
78,853709
73,809477
69,930904
67,460980
66,219331
66,577107
68,987136
71,302514
75,478579
81,790041
85,915251
88,813122
88,881593
87,478058
89,404778
90,805824
89,842027
86,697746
81,913345
83,965920
85,399319
84,120837
83,399049
80,572554
76,609351
72,536920
68,930978
66,291658
65,106505
64,261816
64,572028
63,567151
66,426630
70,833708
74,055857
75,890526
75,658526
75,329717
75,080798
74,488427
74,065210
73,625245
74,000229
80,030081
82,456563
79,673429
76,785201
73,682136
70,303229
66,645512
63,643323
60,945994
59,338501
58,548634
57,876753
55,408032
56,183708
59,007903
61,342248
63,353744
64,972392
65,381349
65,354236
65,519702
65,814250
67,135762
68,708380
74,972715
76,900262
76,245564
75,172392
73,427305
69,867625
65,920230
63,005949
61,284691
60,550833
61,108407
63,932899
67,146661
71,899708
78,938567
83,864151
87,390146
88,472442
87,350620
89,581008
91,285475
91,177891
89,393971
83,655387
85,032739
87,309538
86,795062
86,657636
83,360835
78,620661
73,517946
69,530857
67,117040
65,908174
65,960452
68,264446
70,543238
74,992448
81,354092
85,791958
88,883461
90,000656
88,950742
91,638092
93,266285
93,224989
91,323826
85,682590
86,708372
88,682867
88,117285
87,868919
84,136830
78,691445
73,982785
69,642481
67,264169
65,983024
66,083806
68,382220
70,831139
74,502446
80,587539
84,541805
87,073362
87,616843
85,938934
87,684560
89,069500
88,184471
86,964285
81,680436
84,319056
85,069830
84,669774
83,997453
80,662027
74,782935
69,544303
65,741817
63,349909
62,373734
62,458023
64,530226
67,720219
71,077059
76,106398
78,699239
80,247640
80,411692
78,316100
79,356363
80,360083
80,307407
79,671302
75,758473
78,660478
80,317173
79,205559
78,283220
74,433528
69,579199
64,795928
60,790133
58,758661
58,111032
58,722092
61,241045
64,450489
68,331570
73,419960
76,433704
78,612066
78,654814
77,111828
78,051604
78,798984
78,460030
77,409331
74,706010
77,955663
79,708451
77,932742
76,279442
72,669443
68,336348
63,651801
60,302358
57,962139
56,842611
56,686680
57,541312
57,233985
60,113342
64,496829
67,569222
69,393140
69,767754
69,705808
69,592018
69,617349
69,837258
70,034923
70,877526
77,480119
79,668192
76,312542
72,989980
69,509124
65,800590
61,919324
59,157388
56,966575
55,323237
54,489968
54,270615
52,138506
53,174329
56,430529
58,948949
60,821892
62,347135
63,062005
63,147434
63,001757
62,875781
64,128924
66,596427
73,867236
75,736056
74,850944
73,276351
70,902068
67,120621
63,097464
60,284745
58,337715
57,544404
57,795989
60,739724
64,284231
68,545108
75,065145
79,553140
82,962236
84,155133
82,976333
85,166304
86,792056
87,123532
85,914334
80,508249
82,852263
85,004296
84,493631
83,762967
80,024029
74,564183
69,480256
65,844392
63,292010
62,162766
62,171323
64,875980
67,612799
71,840635
78,016377
81,888808
84,865876
86,035884
84,727681
86,981911
88,703324
88,932125
87,642501
82,292222
84,476701
85,885209
85,349219
84,759542
80,917647
75,483465
69,899279
66,041519
63,765272
62,571850
62,672208
65,621220
68,282840
72,205061
77,876057
81,630192
84,241955
85,115568
83,818856
85,984026
87,673490
87,663351
86,430270
81,309439
84,091533
85,056367
84,118876
83,628783
79,859206
74,290355
69,585504
65,653091
63,281545
62,283129
62,347810
64,971010
67,956556
71,618345
76,981057
80,081972
82,722638
83,543939
81,895722
83,525459
84,557592
84,225250
83,398220
78,737481
81,653432
82,669401
81,500062
80,615825
76,809686
71,727511
66,541201
62,851131
60,755101
59,919413
59,931409
62,692078
65,887849
69,657179
75,028591
78,154937
80,477670
81,288736
79,637654
81,530961
82,485653
82,219439
80,351199
76,303054
79,947928
81,077396
79,715456
78,130845
74,916213
70,168940
65,264188
61,835850
59,571376
58,083458
57,569890
58,107195
57,524213
60,656343
65,127170
68,133282
69,844493
70,541603
70,345474
69,874144
69,827220
69,812174
69,661427
70,446630
77,526716
78,596909
76,583602
73,371812
69,774435
66,101716
62,694150
59,238871
56,834428
55,391557
54,616090
54,386871
51,947385
52,962979
55,826520
58,026735
59,805745
61,179898
61,676207
61,515233
61,720397
62,320201
63,596354
65,708114
73,685689
74,389618
73,420260
72,063425
69,683780
65,863972
62,116680
59,211415
57,522251
56,776234
57,192172
60,260442
63,580365
67,693158
74,173875
78,469430
81,154162
82,039126
80,896504
82,785285
84,318765
84,078800
83,199411
78,618007
81,388111
82,449827
81,786775
81,262961
77,930835
72,123671
66,998448
63,420542
61,078289
60,050730
60,167884
62,910545
65,745460
69,695786
75,374418
79,059434
81,894072
82,960597
81,603520
83,590859
85,374030
85,362032
84,198189
79,296094
83,164424
83,747384
83,035811
82,571908
79,454637
73,766047
68,726410
64,825835
62,589323
61,267040
61,528663
64,323655
67,663662
71,515949
77,230473
80,749916
83,603774
84,435089
83,002987
84,923616
86,716061
86,691626
85,847254
80,642156
84,496135
84,671804
83,783989
83,410841
80,072598
74,559880
69,251521
65,039807
62,620479
61,669127
62,060425
64,417891
67,382074
71,706249
77,805988
81,757470
84,350381
85,981965
84,674196
87,112347
89,489678
89,816798
88,143073
82,737937
86,486330
86,688821
85,682571
85,497221
82,375299
77,368765
72,055503
68,353082
65,941532
64,773004
64,692801
67,217438
69,735176
74,301099
80,641130
85,052379
88,070886
88,925806
87,662918
89,755558
91,732735
91,131838
88,506097
83,678351
87,276900
86,877396
85,511962
85,303420
82,328853
78,622673
74,352659
70,848143
67,851354
66,224035
65,684942
65,606649
64,996851
66,933190
70,830676
73,895086
75,428042
75,607524
75,463742
75,522133
74,489987
74,008631
73,979999
75,252925
82,153492
81,783060
79,248102
76,528545
73,466659
70,352509
67,027834
63,907984
61,493825
59,886381
59,191550
58,698116
56,657115
56,520081
59,161937
61,082312
62,588864
63,995652
64,606542
64,437251
64,503550
65,022050
66,258659
69,239854
77,136862
77,680399
76,396844
75,068601
72,944202
69,641396
66,312606
63,230759
61,426038
60,806924
61,126170
64,060511
67,655536
71,496816
77,258803
80,992889
83,280316
83,678046
82,140200
83,166642
83,939170
83,606723
82,728968
79,673519
83,141166
83,019990
81,655067
80,283638
76,843397
71,607449
66,456477
62,920340
61,079378
60,383511
60,758791
63,491302
66,773785
70,108931
74,936040
77,944969
79,970612
80,158643
78,778466
79,751908
81,072132
80,732554
80,203452
77,065892
81,353792
81,687467
80,467239
79,640904
75,462840
69,800698
64,731325
60,862726
58,926084
58,062828
58,112047
61,440260
65,000516
68,234311
73,253113
76,319327
78,659751
79,296255
77,979742
79,141451
80,324164
80,652043
80,039156
76,533474
81,095015
80,447075
79,450617
78,240253
74,214651
68,385336
63,365746
59,474412
57,376398
56,385178
56,930789
60,112722
64,107510
67,778683
72,804557
75,954999
78,344842
79,268020
77,692289
79,801498
81,442095
81,779684
80,937798
77,186518
81,733771
81,202848
79,736453
79,014212
74,791778
70,019872
64,948260
60,925865
58,719072
57,866196
58,051323
60,910250
64,272882
68,422104
73,667667
77,738073
80,765376
81,731224
80,700648
82,645511
83,992722
83,925659
81,521063
77,982947
82,434297
81,601991
79,811344
79,055469
75,808850
71,451418
67,272229
63,036814
60,253211
58,969986
58,942094
59,720658
59,654975
62,391365
66,589933
69,541150
71,319647
72,082216
71,834414
71,799859
71,601403
71,176719
71,266416
73,457417
80,931046
79,480630
76,777536
74,217971
70,551440
67,096517
63,697668
60,507719
58,301326
56,797733
56,070257
55,881949
54,936593
54,464261
56,255139
58,097383
59,616025
61,193048
61,707611
61,362304
61,325138
61,629171
62,674900
66,138619
74,546920
73,904182
72,343572
70,443709
67,887237
64,081744
60,282013
57,783387
56,341921
55,819988
56,554775
59,903083
64,147963
68,137824
73,936618
77,816802
80,894974
82,082133
80,551920
81,943964
83,364077
83,498397
82,825718
79,347724
83,010210
82,320090
81,104054
80,164442
76,564586
70,787805
65,531393
61,897024
59,749683
58,819171
59,235069
62,211488
65,920058
70,076278
75,691272
79,406149
81,990622
82,823032
81,072073
82,604270
84,237206
84,168801
83,467634
80,352038
84,220727
82,599109
81,401294
80,559590
76,410839
70,669199
65,539714
61,992636
59,984961
59,187305
59,541184
62,612682
66,376592
69,825199
74,973120
78,590579
80,912762
81,234599
80,408714
82,098277
83,376905
83,218856
82,207093
78,537180
82,534460
81,403448
80,334166
79,818665
76,493135
71,039294
65,802753
61,950722
59,840553
58,688671
59,075014
61,091737
63,613973
67,866175
73,268794
76,526565
78,825695
79,314761
78,485601
80,009889
81,301370
81,063019
79,774157
76,277238
80,965032
79,813641
77,972340
76,934596
73,844025
69,244034
64,515335
60,670194
57,708315
56,020384
55,205485
54,337979
51,332009
51,363709
54,240994
56,792645
58,574250
59,874247
60,392461
59,746936
59,700089
59,394127
60,280601
62,936725
72,013954
71,652016
69,821817
68,289221
66,044535
62,121174
58,398390
55,444034
53,380030
52,069192
51,771663
52,488911
51,841541
53,833559
58,519278
61,926340
63,911348
64,740060
64,794834
64,924296
64,655880
64,943490
65,406140
67,830933
76,365624
75,193157
72,173862
69,543095
66,546378
63,204938
59,798390
56,367466
53,622211
52,239909
51,382177
51,374547
49,245385
49,974416
52,812154
55,328338
57,272110
58,619564
58,646235
58,019414
58,068256
59,092669
60,754953
64,395708
73,597921
72,610718
71,447264
70,066664
67,556384
64,039753
60,234845
57,534714
56,026901
54,960258
55,555658
58,358608
62,000221
66,622259
72,900991
77,159750
80,041510
80,871445
79,849488
81,782654
82,951291
82,949174
81,545740
78,494166
82,498876
81,332363
80,461762
79,961191
76,632079
71,052623
66,076874
62,494938
60,289311
59,451212
59,829930
62,339489
65,458594
68,776726
74,075955
77,272709
79,753106
80,251168
79,062675
80,978870
82,205416
81,986715
80,902348
78,505110
81,966020
80,873135
79,817948
79,351831
76,244151
70,837229
65,639459
61,960323
59,791242
58,935839
59,059730
62,039290
65,591369
69,237630
74,701375
78,470432
81,515563
82,581278
81,052424
82,867371
84,843544
84,950634
83,783684
80,567107
84,366328
82,907546
82,136818
81,111522
77,734759
72,510267
67,172786
63,412878
61,104421
60,316332
60,548464
63,106055
66,614245
70,162943
75,648715
79,497865
82,559660
83,343027
81,972261
83,960816
85,703362
85,615999
84,283703
80,773515
84,605605
82,971971
82,096557
81,455367
77,932098
72,858952
67,876150
64,089120
61,748020
60,778432
60,755415
63,456026
67,031481
70,059269
75,658987
79,993155
82,932704
83,832089
82,655195
84,605269
86,250772
85,737640
83,122641
80,022844
84,138393
82,380464
80,764041
79,939969
76,981717
72,890471
68,531066
64,696291
62,130097
60,800426
60,342606
60,858083
60,316219
62,700851
66,917881
70,204388
72,169432
72,610978
72,412008
72,421603
72,250218
72,098440
72,142078
73,610289
82,137302
80,590281
77,577746
75,106473
71,825939
68,667841
64,995522
61,746967
59,148409
57,523820
56,312193
56,079108
53,941407
54,130752
56,741709
59,253658
61,246517
62,889319
63,372287
63,338106
63,518814
64,025707
65,021891
68,696464
75,159281
73,560970
69,822429
68,382542
66,255395
62,971284
59,843900
57,350090
55,808085
55,306639
55,773208
58,963569
62,962646
66,634562
72,724590
76,300744
78,903495
79,693572
78,279208
79,970819
81,802341
81,818393
81,017326
78,215724
81,912869
80,314913
79,727915
78,970139
75,460726
70,055204
64,823339
61,465628
59,396929
58,147801
58,608874
61,385143
64,746970
67,938549
73,134027
76,181618
78,543863
79,299609
77,919152
79,661998
80,982056
80,665979
79,588223
76,928060
81,023554
79,004736
77,432244
76,375941
72,841233
68,371015
63,602646
59,767085
57,316675
56,048732
55,504034
55,417249
53,926057
54,498879
57,413102
59,738797
61,789518
62,913831
63,359060
63,554943
63,208165
63,195823
63,693772
67,075278
75,320211
74,357216
72,957784
71,460915
68,739725
64,454499
60,319660
57,280890
55,446021
54,885738
55,553817
58,396397
62,598294
66,800555
72,408301
75,915845
78,360566
78,877134
77,512715
79,461687
80,804323
80,618820
79,896263
78,412056
82,229339
80,245033
79,212172
78,299067
74,666986
69,733435
64,521765
60,727221
58,948771
57,764978
58,029787
60,795495
64,222027
67,675531
73,172734
76,787157
79,595180
80,434875
79,186796
81,364188
82,780144
82,680123
80,949436
79,444361
83,533497
81,075586
79,332404
78,340261
75,078557
70,346879
65,587754
61,797061
59,401767
57,991191
57,538966
58,018730
57,977122
59,879979
63,746920
66,687275
68,657265
69,204861
69,144966
68,913448
68,635725
68,438983
68,528863
71,932174
79,210329
77,586328
74,839141
72,234830
69,139411
65,697973
62,055744
58,778957
56,462757
55,110323
54,373510
54,048908
52,358203
52,516700
55,406045
57,592122
59,017270
60,233106
60,727929
60,573816
60,777373
61,204331
62,700673
67,228916
75,376000
73,788449
72,109323
70,650761
68,498537
64,885825
61,039876
58,267738
56,430173
55,595256
55,888895
59,112608
62,908123
66,844305
73,313992
77,759708
80,851476
82,013576
80,803573
82,822684
84,532013
84,555429
83,538161
80,279925
83,747705
82,067386
81,112218
80,603082
76,976705
71,460429
66,214519
62,649049
60,628482
59,547548
59,651959
62,100078
65,633335
68,903291
74,678959
78,441390
80,927643
81,458541
80,013353
81,865048
83,275604
83,360761
82,476585
80,379723
82,922054
80,643533
79,176872
78,817697
75,331642
70,243933
64,931255
61,213994
58,868392
57,749042
57,905503
60,860123
64,591262
67,197796
72,146947
75,455776
77,658296
78,289607
76,509145
77,909875
78,983698
78,636870
78,217333
76,579740
79,322176
77,677087
76,987531
76,193272
72,805714
67,293726
62,142742
58,560519
56,513422
55,310019
55,435897
58,870135
63,010536
65,857311
70,650954
73,579271
76,169072
76,743837
75,265685
77,276713
78,721968
78,573229
78,061439
76,538115
80,013778
78,181352
77,181175
76,526316
72,789463
67,698206
62,606789
59,067691
56,761733
55,993917
56,535369
59,616910
63,357256
66,689914
71,778548
75,288049
77,753064
78,298752
76,783304
78,944086
80,206783
80,277696
78,749203
77,951432
81,666672
79,451213
77,445420
76,611673
73,976093
69,417613
65,141522
61,304339
59,065349
57,597255
57,308501
57,791948
57,910693
60,203366
64,091247
66,984530
68,980411
69,366505
69,144189
69,331858
69,296815
69,196580
69,586593
73,361236
80,346222
77,889551
74,952780
72,087453
68,678760
65,269308
61,377093
58,041800
55,560922
54,139453
53,524466
53,201809
51,472195
51,886756
54,880448
57,879616
60,155610
61,408389
60,689987
58,812508
57,741315
58,384234
60,171605
65,393206
73,814720
72,446380
71,335980
70,300755
67,894678
64,329195
60,554834
57,709484
56,019477
55,454212
56,019520
59,090544
63,200041
66,768161
72,498059
76,547206
79,453956
80,213366
78,924606
80,521094
81,625444
81,713271
80,698218
79,224581
82,298406
80,141991
79,355608
79,040596
75,201308
69,606424
64,797741
60,925479
59,023715
58,182014
58,591769
61,412541
65,416434
68,549566
73,859865
76,969636
79,459796
80,195313
78,848441
80,596208
81,980474
82,039264
81,103632
78,940559
82,460083
80,360395
79,117243
78,060577
74,108788
68,072139
62,497725
59,050258
57,158989
56,429194
56,783908
59,510762
63,466411
66,440420
70,853061
73,304777
75,187359
75,119638
73,683469
75,107409
76,255096
76,415979
76,568281
76,163532
79,413691
77,245907
75,930615
74,799475
71,032786
65,385575
60,449375
57,093152
55,130511
54,429141
54,871816
57,909781
62,453665
65,102728
69,384802
71,954416
73,800517
74,087987
72,514905
73,384345
74,574663
74,919919
74,671205
74,983246
78,472915
76,484979
74,827373
73,336408
69,159072
64,072113
59,120363
55,632825
53,903341
53,030942
53,535577
56,685422
61,790811
64,475542
68,748721
70,808956
73,067100
73,198445
71,169962
72,110501
72,463339
72,629454
72,183803
73,797666
77,282429
74,920408
72,914613
70,832615
67,460320
63,275268
58,439058
54,723993
52,401722
51,542293
51,318744
52,086259
53,260926
54,822761
58,672784
61,840507
63,273514
63,645412
63,274998
62,891152
62,467658
62,435922
63,316042
68,174920
75,044308
72,552625
68,976690
65,701883
61,659240
57,416692
53,611600
50,625410
48,152040
46,711188
46,295164
46,534692
45,871938
45,694311
48,346467
51,196156
53,691216
55,846049
56,611171
55,898420
55,290179
55,662151
57,457142
62,938356
70,882837
68,288444
65,936870
64,100736
60,882366
56,839663
52,808461
50,052515
48,525406
47,977501
48,849673
52,667795
57,930531
60,952897
65,601189
68,627513
71,343513
72,781595
71,526248
72,427867
73,666285
74,084302
74,043046
73,821154
78,137071
76,607663
75,413783
74,083555
69,745809
63,774264
59,047403
55,871947
54,111685
53,370563
53,959367
56,810304
61,035753
63,594843
67,696188
70,499570
72,839363
74,269595
73,116535
74,325381
76,045264
76,440284
76,250430
75,643662
79,665494
77,529304
76,215094
75,137370
71,097690
64,832200
59,619869
56,140109
54,350376
53,556021
54,030790
57,141016
61,512853
64,295518
68,548844
71,790045
74,238995
75,511053
74,320813
75,961907
77,443773
77,491463
77,352462
76,509814
80,886075
78,220475
77,403269
76,108253
71,953248
66,068847
60,752813
57,224800
55,416113
54,390598
54,668261
57,846796
61,979825
64,910307
69,173038
71,904461
74,391049
75,535915
74,390404
75,989276
77,876514
78,133482
77,621330
77,511519
80,809226
78,085936
76,512189
75,587636
72,007929
66,564849
61,415844
57,814364
55,921764
55,255234
55,816666
58,778373
63,224079
66,298703
70,385628
72,825643
74,745187
75,195698
73,900342
74,910010
75,768210
75,499997
74,831856
75,837799
79,575608
77,034795
75,443892
73,899810
70,561549
65,611884
60,960518
57,072115
54,911504
53,730914
53,300581
54,021064
54,614127
56,140873
59,668141
62,193621
63,656320
64,017856
63,537539
63,241513
62,766439
63,095706
64,060535
68,569707
75,788223
72,993663
69,804245
66,624443
62,580156
58,723994
54,823131
51,582051
49,285410
47,978089
47,485427
47,678349
46,857489
46,379107
48,963468
51,218443
53,727503
55,441055
55,740744
54,963955
54,669665
54,990635
57,275198
63,804904
71,846067
68,442880
66,427535
64,864289
61,746889
57,558627
53,625308
50,963848
49,367797
48,777008
49,817821
53,345960
58,417094
61,147065
65,791428
68,960228
71,622058
73,046671
71,762256
72,769101
74,422436
75,104257
75,198892
74,773624
78,994407
77,036319
75,828078
74,751276
70,511059
64,351017
59,089192
55,568112
53,637285
52,997320
53,684869
57,000195
61,601638
64,337468
68,720454
71,576808
74,615685
76,139375
75,232003
76,744268
78,042224
78,254454
77,941963
77,351001
80,835733
78,424075
77,440179
76,393828
72,285597
66,037749
60,702280
56,995761
55,108052
54,464866
55,088388
58,026935
62,941620
65,690688
69,902776
72,759499
75,535123
76,893945
75,644632
77,143468
78,756440
79,254292
78,755656
78,101723
81,254224
78,761957
77,758888
76,285084
72,611079
67,113826
61,807050
58,179295
56,204238
55,449407
55,926370
59,059259
63,916061
66,590632
71,318424
74,562771
77,212486
78,536694
76,958061
78,298149
79,404149
79,708408
79,156118
78,515112
82,037285
79,623277
78,462998
77,642824
73,857016
68,331247
63,098816
59,240387
56,644363
55,822934
56,357351
59,399330
63,912883
66,825625
71,772819
74,892171
77,806201
78,936374
77,641529
79,017556
80,469882
80,673061
79,106905
78,614666
81,640931
79,121247
77,452994
76,473058
73,220836
68,692966
63,953832
60,025410
57,587478
56,507202
56,098931
56,936510
58,027578
59,247453
62,983104
66,161829
67,929928
68,492757
68,205068
68,061438
67,742889
67,835518
67,871786
71,778273
79,005038
76,357225
73,038653
70,078837
66,259398
62,279890
58,457989
55,210072
53,124917
51,908525
51,226259
51,114143
50,049531
49,384317
51,838149
53,696939
55,553633
57,344080
58,203887
57,752587
57,651741
58,020541
59,770471
65,924685
72,794381
70,043747
68,545837
66,655238
63,655471
59,638390
55,705213
52,902971
51,263233
50,878540
51,743515
54,999686
59,998565
63,511131
68,552143
72,058912
74,376576
75,446253
74,219769
74,984361
75,451042
75,616336
75,694715
76,000685
79,638711
77,896569
76,817449
75,536772
71,601762
65,348928
60,380758
56,767172
55,042685
54,855530
54,806104
57,939852
62,935116
65,507942
69,277585
71,391407
73,295502
73,631083
71,503174
72,212798
72,767279
72,945512
73,165414
73,862260
78,472410
76,429000
74,837452
72,789036
68,001364
62,022177
56,727680
53,227696
51,524473
50,889423
51,634887
55,088747
59,871747
62,327725
66,016409
67,986027
69,874850
70,879798
69,279624
69,950716
70,632186
71,213169
71,860148
73,333803
77,529325
75,171080
73,940711
72,095148
68,194409
61,677621
56,275832
52,846303
50,821510
50,338060
50,949116
54,178043
59,155450
61,863879
65,413299
67,733277
69,691861
70,702951
69,096438
70,145014
71,137683
71,934430
72,303886
73,284285
77,864401
75,644832
74,274500
72,929156
68,842670
62,499693
57,244410
53,395509
51,368842
50,762488
51,418056
54,717234
59,310031
61,817293
65,858497
68,594151
70,802798
71,462503
70,462488
71,269099
72,019316
71,956350
71,566723
73,589564
78,269144
75,715769
73,767635
72,588147
68,769715
63,697577
58,302904
54,611411
51,939968
51,019764
50,977126
51,827235
52,594485
54,546663
58,492690
61,416946
63,004391
63,428511
63,126712
62,879945
62,561748
62,712250
63,795141
69,396195
76,604496
73,074990
69,066458
65,486381
61,293912
57,156121
53,235401
50,175460
47,881978
46,397373
45,808771
45,915688
45,220183
44,781076
47,516333
50,136826
51,841702
54,263809
54,937160
54,360695
53,796062
53,737682
56,284878
63,644605
71,312555
67,690963
65,266950
63,229794
60,002291
55,791750
51,888766
49,355869
47,828754
47,533484
48,368115
51,945966
56,718076
59,892357
64,758310
67,443146
70,531416
71,675471
70,125550
71,119166
71,983182
72,191256
72,714072
73,573131
78,286835
76,408048
75,533060
74,031857
69,698552
63,234808
58,003452
54,301091
52,583760
51,821718
52,376484
55,385717
60,481399
63,133511
67,319440
69,796459
72,273129
73,193469
72,021441
72,882502
74,190827
74,422280
74,778296
74,955913
80,030905
77,948573
77,160344
75,746500
71,211477
64,445999
59,079618
55,043855
52,150090
51,941797
52,874303
55,967164
60,935150
64,126330
67,985681
70,589896
73,374501
74,027987
72,647576
73,588770
75,013661
75,769556
75,894810
76,226570
81,080419
78,694387
76,881036
74,690753
70,547447
65,110758
60,033302
56,231505
53,954746
52,951811
53,421305
56,491113
61,063946
63,739145
68,159519
70,933406
73,615160
74,892635
73,526324
74,905580
76,439828
77,088225
76,790718
76,885488
81,332057
78,565243
76,592931
75,703701
71,934927
66,296903
61,153966
57,500003
55,347914
54,578116
54,739377
57,380753
61,463838
64,515291
68,992744
72,048829
75,095133
75,677136
74,942769
76,178016
77,659827
77,628389
76,501932
77,072241
81,461200
78,220365
76,298562
74,722516
71,516382
66,767153
61,836232
58,038553
55,695374
54,783369
54,484251
55,477690
56,244882
57,831660
61,836759
64,916730
66,708596
67,032364
66,776858
66,644191
66,216972
66,429893
67,069663
71,966459
79,328687
75,811831
71,634316
68,154641
64,505008
60,830882
57,156160
53,913377
51,466729
49,998635
49,468236
49,420860
48,653167
47,940646
50,866459
53,270841
55,530445
57,029676
57,433619
56,807895
56,188482
56,462127
58,178206
65,174259
72,737609
69,723892
67,339018
65,342597
62,843086
58,570218
54,846522
52,210689
50,702876
49,923489
50,444437
54,005933
59,309980
62,394719
66,950790
70,105138
72,882724
73,690848
72,369654
72,897677
74,069426
74,315156
74,327234
74,810178
78,784556
76,728283
75,353604
74,231915
70,147417
63,884510
58,938946
55,303812
53,489236
52,459998
52,939484
55,977816
61,411178
63,721507
67,572984
70,173257
72,815144
73,778953
72,581613
73,512261
74,624026
75,425787
75,431725
75,171937
80,538174
78,144282
76,715719
74,939506
70,601328
64,800318
59,558455
55,952593
53,834697
53,129611
53,813450
56,918502
61,841892
64,529154
68,555703
71,327822
73,670940
74,677327
73,566050
74,609738
75,703208
76,157966
75,836941
76,024889
80,388040
77,853832
75,941778
74,240678
70,525354
65,356678
60,557872
56,728217
54,207725
53,242050
52,728105
53,154804
52,905839
52,954391
56,477199
59,181563
61,485531
62,578942
63,110748
63,189217
63,010632
62,997814
63,489443
68,217760
75,482527
73,261370
70,445471
68,509943
65,487381
61,413380
57,153434
53,880837
51,857578
51,030807
51,330810
53,140392
55,602185
58,035177
62,866485
65,926061
67,828371
67,827946
67,609634
68,807844
69,497183
69,708132
70,167802
72,561833
77,875416
75,029563
72,450105
70,616261
67,395004
62,508126
58,025243
54,724088
52,404698
50,906921
50,701354
51,531703
52,113039
52,773891
56,626646
60,177188
61,945842
62,278281
61,956222
61,440174
61,166887
61,582140
62,932325
67,595904
76,571723
72,701510
68,719579
65,183438
61,396858
57,564255
52,174836
50,768054
48,709735
47,300109
46,815180
46,972940
46,531060
45,268773
47,777920
50,419662
52,704984
54,536908
55,304799
54,820165
54,495139
54,936226
56,768373
62,829767
70,831574
69,412608
66,171549
63,574362
60,951434
56,607025
51,571261
50,028946
48,616662
48,083001
48,799762
52,270031
57,179014
60,228358
64,617595
67,884202
71,006461
72,248265
71,136171
72,278126
73,373667
73,620108
73,485790
73,888529
79,249312
77,498288
75,872461
73,993734
70,992544
65,041509
59,223411
56,105405
54,402656
53,644150
54,321918
57,161027
60,764921
63,644238
67,752138
70,740111
73,301230
74,467841
73,171653
74,450636
76,095930
76,471857
76,386757
76,317127
81,281319
79,165197
77,536362
76,299252
72,295650
66,227036
60,503055
56,712602
54,856199
53,998961
54,558546
57,538665
62,283524
65,186522
69,681154
72,674092
75,098097
76,010421
75,015852
76,465316
77,906774
78,257161
78,010246
78,404711
82,613340
79,985012
78,826860
77,729558
73,300395
67,346456
62,487780
58,885087
56,410909
55,323212
55,729886
58,712888
63,728246
66,374087
70,520857
73,242541
75,852142
76,264292
74,946036
76,266954
77,615514
78,008200
77,723304
77,612158
81,927294
79,478170
77,759120
76,351546
72,494862
67,090571
63,046157
58,456469
56,311336
55,413568
55,726114
58,448227
63,172188
65,924592
70,833984
73,624415
75,129921
75,696309
74,490264
76,024344
77,427065
77,602397
76,546636
76,069635
81,236863
78,417106
76,036974
74,297031
72,337447
67,926218
63,053533
58,928194
56,530342
55,264801
54,876412
55,611096
56,360845
57,710408
61,418298
64,209980
65,784950
65,982153
65,882408
65,811661
65,590017
65,643940
66,762016
71,078020
79,343457
76,374052
72,302846
68,773148
64,958806
61,375887
57,735896
54,493252
52,024709
50,678430
49,888056
49,632040
48,923993
47,923544
50,826795
53,072504
54,940015
56,589961
56,849915
56,267475
56,042887
56,612795
58,584254
64,486625
72,968325
70,417349
68,194959
66,025122
63,634065
59,345725
55,504002
52,780922
51,249786
50,626206
51,092893
53,963040
58,587570
61,609140
66,541127
70,057426
73,370039
74,077154
73,294188
74,997305
76,286281
76,662809
76,505072
75,514827
80,218609
78,343329
77,121402
75,878673
71,851086
65,712109
61,026438
57,296793
55,048805
54,146972
54,515311
57,522640
61,369695
64,368462
68,907024
71,736365
74,461736
75,176718
74,214891
75,759432
76,864765
77,195786
77,181324
77,462545
81,870100
79,607152
78,382114
76,436379
72,101573
66,894053
61,794000
57,791720
55,610192
54,556255
55,054940
57,675645
62,079473
65,201210
69,535204
72,555603
74,644712
75,556737
74,742356
76,280569
77,774217
78,354263
78,141565
77,296442
81,980011
79,464153
77,989263
76,927678
73,094036
67,501200
62,166632
58,926407
56,524276
55,729063
56,083224
58,441897
62,388682
65,774601
69,702840
72,469664
74,603963
74,317576
72,870913
74,344329
75,610371
76,178296
76,757153
77,026119
79,687181
77,695742
76,288805
75,346425
71,237977
66,087583
61,188451
57,416132
55,372174
54,890113
55,438270
58,176233
62,444084
65,950327
70,274431
72,713718
74,328482
74,153700
72,762287
73,758010
74,267011
74,175067
73,806870
74,667814
78,594482
76,437553
74,312250
72,602582
68,833453
63,566576
58,827558
55,033757
52,964735
51,924958
51,775160
52,160186
53,104460
54,146218
57,732671
60,105668
61,366309
61,563655
61,053449
60,728798
60,301142
60,544257
61,630155
66,686129
74,509396
71,359810
67,034973
63,104081
58,878157
54,643298
50,644462
47,400384
45,571574
44,397962
43,808909
44,019240
43,513433
42,399803
44,607089
47,011072
49,554754
51,687947
52,296250
51,958818
51,642291
51,939450
54,762838
58,735825
64,488525
64,514501
62,675978
59,679963
56,455421
52,139984
48,262785
45,626293
44,356472
44,003865
44,712410
47,028538
50,347832
52,952319
56,991551
59,809779
62,176834
62,929291
62,472844
63,478984
64,107798
64,500938
65,890674
67,775091
73,742092
72,052374
69,744981
67,698595
63,357926
57,635200
53,541983
50,147367
48,135769
47,228147
47,338970
48,687614
50,893803
52,033240
55,767224
58,761962
61,416923
62,402860
62,686983
63,362091
64,149006
64,470708
65,507221
67,330786
74,190910
71,780474
69,628328
67,547434
63,398026
57,810870
50,505898
47,898869
45,661686
44,796680
45,528208
48,179330
52,071369
55,700420
60,011973
62,781417
64,670474
64,692118
64,053937
65,469482
66,757278
67,368125
67,997184
68,400388
74,394908
72,424568
70,810219
68,884754
64,337837
57,750023
55,312396
51,891052
50,011881
49,488653
49,851045
52,397508
56,140249
59,484400
63,897873
66,523344
68,570378
68,744747
67,996422
69,169382
70,495858
71,081901
71,676067
72,042987
78,170403
76,263213
73,547594
71,959770
67,531747
61,585443
53,455019
49,859655
47,818764
47,074492
48,031209
49,992018
53,750410
57,240563
61,709386
64,417225
66,469873
66,516712
65,868820
67,382720
68,485378
68,802253
68,392426
69,239576
75,304144
72,820521
70,007263
68,029402
64,779931
59,444332
57,155828
53,238148
51,076848
50,086870
49,793547
50,371239
51,346822
52,378796
56,363656
59,238160
61,259935
61,876304
62,103507
61,952442
61,924208
62,257323
63,154424
67,731693
76,117379
72,614414
68,422920
64,868440
61,148638
56,949038
53,032248
49,808089
47,750271
46,523383
45,811931
45,983050
45,251315
44,699150
47,546595
50,281698
52,751127
54,536066
55,081373
54,601243
54,522991
55,084344
56,878507
62,284013
70,964155
68,237037
65,716025
63,706600
61,155070
56,890575
52,770236
49,849506
48,305215
47,803890
48,215632
50,686639
55,106512
59,127808
64,097770
67,641671
69,953156
69,937542
69,623764
71,537093
72,436995
72,990740
73,303715
73,330121
77,912045
75,902150
74,242083
73,061798
69,170862
62,897291
57,974247
54,365732
52,572939
51,900147
52,413588
54,645645
58,321111
61,992297
66,093586
68,795386
70,735873
70,464521
69,710822
71,311803
72,201598
72,517030
72,907674
72,458163
77,391332
75,464069
73,911343
72,284972
68,202210
62,059208
56,624127
53,468420
51,544612
50,796145
51,291318
53,810722
57,466187
61,290543
65,037686
67,275696
68,985856
68,363047
67,875806
69,725063
70,485955
71,179107
71,951070
72,002525
77,625869
75,115820
73,376881
71,830862
67,842642
61,687693
57,225443
52,939550
50,767035
50,349334
50,560442
52,894250
56,625882
60,509615
64,817028
67,533863
69,097720
68,938389
68,241730
69,932429
70,981712
71,118797
71,964469
72,846054
78,497658
76,333904
73,851816
72,477459
68,362989
62,972161
57,551119
53,900545
51,726703
51,061780
51,358595
53,603879
57,292781
60,832018
65,160121
67,830330
69,697421
69,150749
68,680813
70,381190
71,544436
71,692567
71,547531
72,163390
78,384941
76,121958
73,304104
71,624658
68,519404
63,450989
57,886974
53,904857
51,791199
50,787830
50,342058
51,018446
51,583802
53,034960
56,473492
59,646684
61,525397
61,970007
61,831437
61,408638
61,218326
61,599904
62,730054
67,341120
75,745670
72,649975
68,262402
64,627914
60,786403
56,626844
52,876795
49,731690
47,576660
46,162626
45,655597
45,823897
45,083788
44,367848
47,150950
49,782834
51,952948
53,862369
54,258426
53,578198
52,977004
53,391502
55,331024
60,961025
70,096258
67,072011
64,810407
62,612614
60,027055
56,078943
51,893500
49,304252
47,787237
47,236687
47,892966
50,616865
54,703120
58,629875
63,828191
66,895027
68,779866
69,030041
68,811895
70,922170
71,840037
72,311112
72,703876
72,336719
77,558076
75,626684
73,903174
72,543813
69,277812
63,138773
58,176603
54,345160
52,331755
51,368950
51,744110
54,196517
57,716595
61,490048
66,033754
68,761349
70,755984
70,787658
70,415122
71,943032
73,378794
73,915662
74,161053
73,211521
79,625421
77,518421
75,718131
74,519709
70,441899
64,323646
58,995860
55,302988
53,077667
52,064778
52,312154
54,697140
58,434036
62,041163
66,405313
69,235189
71,194919
71,420375
71,085845
73,249232
74,460886
74,791831
74,662820
73,856361
79,823399
77,489759
75,886166
74,374156
70,097808
63,965288
58,926891
55,295338
53,639266
52,909464
52,861475
55,443490
58,753524
62,705587
66,920224
69,280138
71,379121
71,671023
71,013804
72,761435
73,689644
74,313449
74,706576
74,190893
79,311494
77,252409
75,224661
73,720195
69,502170
64,219730
59,049447
55,303538
52,953798
52,229366
52,940665
55,358902
59,044828
63,063024
67,310997
69,527115
71,624535
71,633383
71,086237
72,695387
73,588995
73,896256
73,111869
72,683988
78,963797
76,736874
74,296138
72,450545
69,367915
64,600925
59,355957
55,583990
53,016255
51,812847
51,713009
52,378363
52,868369
54,005274
57,634680
60,795211
62,784958
63,266210
63,156912
62,842118
62,782285
63,021885
63,697887
67,719398
76,732958
74,652993
70,218152
66,299803
62,711809
58,427547
54,379033
51,420835
49,445811
48,077747
47,310763
47,463824
46,674429
45,973700
48,427370
50,931306
53,071916
54,838845
55,151450
54,364473
53,837908
54,261786
56,316736
61,427844
70,914235
68,533648
65,861803
63,690238
60,847495
56,607976
52,569971
49,749992
48,173482
47,720596
48,484723
51,614550
56,152722
59,783790
64,680122
67,883580
70,379500
70,963711
70,277766
71,691801
72,880443
73,169762
73,269749
72,377135
77,924310
76,971290
75,929214
74,179260
70,145583
63,636536
58,773805
55,253789
53,236505
52,393664
52,857607
55,612141
59,644518
62,755213
66,810165
69,310343
71,746437
71,998237
71,343594
73,132834
74,317779
74,653600
74,629730
73,960867
79,171939
77,700847
75,931740
74,427966
70,012048
63,930475
54,992418
51,053446
49,094117
48,415207
48,896488
51,800109
55,905601
58,615504
62,902519
65,779152
68,590375
69,117572
67,947707
69,752899
71,099575
71,473606
71,213668
69,740959
75,919302
74,303920
72,761340
71,017729
66,792005
60,298700
59,693026
55,619230
53,304893
52,612796
53,065140
55,802810
60,083166
62,389966
66,556578
69,154941
71,831728
72,659568
71,678784
73,450091
74,722262
75,649432
75,464301
73,893970
79,900957
78,530050
76,902629
75,694034
71,754854
65,719333
60,437742
56,433433
54,184780
53,323091
53,571468
56,495998
60,871183
63,762754
68,116287
71,084439
73,921035
75,129425
73,867745
75,352728
77,047999
77,234536
76,111201
75,469586
79,578577
77,801531
75,488296
73,871889
70,599303
65,686584
60,523578
56,568249
54,091603
52,857934
52,670399
53,200023
53,921535
54,975211
58,017906
60,433985
62,034820
62,460390
61,915550
61,571514
61,157910
61,195348
62,519710
66,646567
73,482986
71,457332
67,945191
64,649785
60,733818
56,362811
52,319496
48,999190
46,763603
45,795979
45,224627
45,357095
45,033102
44,632255
46,732925
49,298548
51,496293
53,501309
54,347584
53,720908
53,278012
54,075632
56,127540
61,858125
68,054512
65,356414
63,229564
61,790801
58,206477
53,730693
49,567699
46,963121
45,501361
45,326778
45,972464
49,483049
55,088395
58,125920
62,912742
65,648856
68,241081
69,259573
67,619263
68,247007
69,033211
69,317412
70,171088
70,620034
75,960886
75,253072
73,773950
71,845029
67,586429
60,856525
55,645005
51,943502
50,222178
49,628005
50,331594
53,439305
58,660122
61,530478
65,458322
67,559080
69,585414
70,657443
68,652890
69,467876
70,381472
71,063517
71,506464
71,002940
76,953400
76,096713
74,832807
73,409277
68,925781
62,550896
56,575076
52,750712
50,761719
50,030232
50,380486
53,589758
58,530140
61,336786
65,436104
68,048018
70,337461
71,351482
69,552843
70,895693
72,177711
72,833612
72,877817
71,769257
77,682948
76,938160
75,894906
74,646946
70,238140
63,783712
57,937873
54,011566
52,045648
51,121264
51,554639
54,919218
59,772535
62,269450
66,572853
69,337184
72,196911
73,237398
71,222952
72,809450
74,505458
75,099107
74,917310
73,324139
79,613092
78,480783
77,207443
75,823372
71,588059
65,454143
60,111028
55,933533
53,685077
52,833823
53,229086
56,262017
60,764840
63,669055
68,118482
71,332969
74,086940
75,039315
73,867142
75,035067
76,506541
76,893516
75,229492
73,248638
79,035071
78,020563
76,072285
74,700838
71,530670
66,349077
61,198644
57,280070
54,847226
53,461422
52,809280
53,630382
54,170689
56,219067
60,247582
63,144258
65,127134
65,738520
66,110178
66,013732
65,985000
66,130762
66,613197
68,857929
77,729324
76,637473
73,383744
69,871110
66,145475
61,774033
57,933878
54,444341
51,868069
50,428242
49,588899
49,403761
48,383325
48,197694
51,511534
54,489732
56,715915
58,201195
57,544855
55,611998
54,851319
55,517106
57,218283
61,498743
71,056956
70,124119
68,251680
66,594954
64,092470
59,431392
55,609192
52,606687
51,094711
50,532772
51,085961
54,462011
59,067629
62,352315
67,593174
71,519876
74,664017
75,853598
74,863556
76,519619
78,341843
78,871623
78,430176
75,466528
80,144705
79,127762
78,249200
77,067100
73,022125
66,929961
61,569782
57,452253
55,439153
54,576509
54,969836
57,612371
61,681890
64,872532
69,476627
72,650009
75,447064
76,361069
74,638168
75,958551
76,976395
77,368415
77,098585
74,896705
79,677696
78,447788
77,351868
75,983671
71,421767
65,502396
59,797953
56,076570
54,247729
53,479298
53,885437
56,504328
61,611897
63,963836
67,395764
69,970305
71,674802
72,025656
70,259085
70,747364
71,843930
72,320535
72,727511
71,801457
76,429435
75,401914
74,348613
72,499808
68,269074
61,861389
56,508667
53,290598
51,765959
51,223722
51,220328
54,158464
58,126558
60,965772
64,908984
67,288430
69,175091
70,204496
68,773636
69,560024
70,615170
70,906786
71,244611
70,577050
77,237147
76,548826
74,772767
73,068000
68,684155
62,863691
57,264534
53,413152
51,540697
50,748106
51,169428
54,130836
58,466026
61,528103
65,719324
67,986072
70,221952
71,138061
69,964398
70,812244
71,905641
72,161094
71,734579
70,910187
77,711052
76,784318
74,533662
72,345346
68,936557
63,505283
57,740736
53,877103
51,766772
50,613013
50,345532
51,272631
51,426643
53,742479
57,556680
60,533931
62,428703
63,188480
63,194914
62,887993
62,356516
62,421222
63,277961
66,335886
75,672736
74,125743
70,294943
66,813133
63,027457
58,915632
54,540609
50,973557
49,230900
47,789895
47,213455
47,365624
45,898954
46,232444
49,023307
51,824661
54,287527
56,252702
56,582049
56,071243
55,819969
56,598721
58,564294
62,576550
72,133190
70,112355
68,038071
65,929122
62,944894
58,599965
54,609826
51,836130
50,427194
49,828386
50,482575
53,792670
58,775283
62,202581
67,023637
70,296075
72,728061
73,595151
71,694710
72,708850
74,118540
75,455464
75,962244
74,510973
77,430627
76,433207
75,546662
73,365821
69,912950
64,378665
54,316246
50,665354
48,824582
48,080175
48,531339
51,821113
56,560428
59,456876
63,734099
66,404524
68,566525
69,052356
67,364253
68,387115
69,407912
70,045036
70,885404
69,474937
73,695119
72,775864
71,867847
70,371983
65,788420
60,206540
58,660992
54,674626
52,610762
52,066192
52,520203
55,740335
60,206294
63,486053
67,847185
70,333225
72,873146
73,590941
71,820441
72,860711
74,116765
74,698429
75,119116
73,108125
78,233277
77,429374
76,727509
75,418971
71,412867
64,976315
59,558856
55,390727
53,271497
52,435636
52,907532
55,965580
60,351396
63,450774
67,721899
70,110353
72,085928
73,014651
71,185490
72,346713
73,838491
74,163796
74,329589
73,153871
78,123753
77,461019
76,230242
74,382758
70,287822
64,515912
54,141518
49,983958
48,075860
47,422843
48,113497
51,092032
55,673300
59,073288
63,010307
65,853925
68,174084
68,779855
66,600664
67,607732
68,965810
69,124165
68,311397
66,798838
72,349668
71,718383
69,830064
68,449429
64,568334
59,798609
59,051506
55,025724
52,721883
51,602814
51,434219
52,137309
52,286561
54,376471
58,063213
60,915733
62,602221
63,031221
62,743007
62,565885
62,490758
62,549225
63,312004
66,406870
75,196702
74,113418
70,229447
66,581793
62,639108
58,203157
53,945056
50,650458
48,475623
47,128928
46,696799
46,722304
45,556031
45,746051
48,384305
51,023802
53,294378
54,965316
55,489368
54,649246
54,005349
54,607187
56,496406
60,860172
69,949746
68,481457
66,214869
64,455205
61,185742
56,626788
47,603109
45,487124
43,962377
43,265619
43,992355
47,617065
51,784808
55,508698
60,144043
63,120099
65,734408
67,257037
65,752938
66,728457
67,794935
68,427074
68,664016
66,929560
73,028960
72,632305
71,561690
70,015539
65,433700
58,774219
58,674861
55,019107
52,626490
51,648073
52,207862
55,272386
59,634682
62,910736
67,019475
69,381911
71,576322
72,784707
71,676810
72,061404
73,550779
74,092846
74,240774
72,606522
78,463546
77,422522
76,116118
74,376300
69,878765
64,018268
58,365829
54,443097
52,509979
51,983599
52,407749
55,677019
59,975966
63,237505
67,337986
69,870626
72,055596
72,745464
71,103478
72,051024
73,460013
73,840745
73,878890
72,482747
77,908128
77,229651
75,943438
74,763961
70,592921
64,219077
58,863494
54,796596
52,824316
52,048533
52,572847
55,737257
59,845010
63,221861
67,304619
69,934426
72,392852
73,620387
71,845711
73,216682
74,639100
75,494775
75,653510
73,209437
79,121954
78,459563
76,761791
75,616423
71,543258
65,727441
55,040893
51,029444
48,983654
48,134317
48,418841
51,339212
55,066861
58,920226
63,823981
66,583869
69,201708
70,399970
68,978798
70,867324
72,868387
73,289541
72,015686
69,247677
74,663161
73,896874
71,956632
70,772109
67,879234
62,757565
58,155371
54,563173
52,543676
51,125612
50,904735
51,330857
51,085659
53,934053
58,026947
61,712973
63,796377
64,636781
64,763999
64,715935
64,688539
64,734068
65,258676
67,439504
75,493708
74,201326
70,980145
67,666460
63,904123
59,935602
58,958669
55,587722
53,359062
51,728278
50,965971
50,734387
49,082783
49,452889
52,050004
54,186031
56,098402
57,773944
58,147627
57,586259
57,594808
58,487316
60,459507
64,262061
71,347583
69,752886
67,701061
66,826217
64,073046
60,004458
55,935626
53,439143
51,642898
51,411530
52,125152
55,351162
59,952132
63,439432
68,249000
71,882036
74,699720
75,499923
73,977736
75,372249
76,648503
77,358030
77,500266
75,086863
79,595568
79,422698
78,884963
77,617365
73,763362
67,884679
61,783055
57,958794
56,079225
55,324810
55,854493
58,626637
62,320592
66,029069
70,580195
73,871776
76,900848
77,959662
76,216113
77,409811
78,590948
78,966365
79,060160
76,924311
80,526271
79,950912
78,908029
77,872098
73,793225
67,678828
62,038711
57,973267
55,983125
55,091044
55,566373
58,467372
62,320055
65,957646
70,983115
73,503524
76,014016
76,975264
75,860062
76,971095
78,512902
78,746047
78,710664
75,899145
79,604006
78,630935
77,907030
76,868251
73,472045
67,598083
62,088615
58,099599
55,767672
54,950497
55,492753
58,455635
62,159168
65,329736
69,727740
72,139548
74,483704
75,369092
73,335226
74,803793
75,891717
76,337149
76,233057
74,404355
77,740637
77,388375
76,405798
75,252751
70,850577
65,858597
60,317714
56,490821
54,299565
53,409528
53,651639
56,582393
60,190611
64,041075
68,545238
71,312379
73,871674
74,354987
72,694712
73,518145
75,084547
75,319271
74,224959
72,301477
76,827056
76,731648
75,546344
73,712025
70,180288
64,874553
59,870048
55,613578
53,152038
51,842978
51,074226
51,094467
49,465997
50,971645
54,364320
56,849769
59,247897
60,590013
60,933518
60,957582
61,004194
61,208201
62,131803
64,108119
72,916419
73,198330
69,923776
67,104831
64,235541
60,761866
56,673299
53,365506
51,008099
49,576364
48,933021
48,893472
47,013218
48,310407
51,285576
54,082720
56,333066
58,295731
59,194403
58,646401
58,488691
59,268484
60,913248
64,106792
72,947845
72,361564
70,663485
69,155502
66,611556
62,534835
58,282389
55,417575
53,574549
52,647764
53,038809
56,048853
59,284853
64,254684
70,378931
74,585816
78,120010
79,627151
78,478439
80,347060
82,543574
83,185553
82,873790
78,281494
81,769744
81,822741
81,310967
80,964427
77,394985
71,647331
66,057945
61,712997
59,271651
58,144572
58,213856
60,724956
63,140189
67,850437
73,651180
77,582169
81,171671
82,730237
81,230548
83,437952
85,701967
86,642099
86,059869
81,397258
84,641650
84,262263
83,593181
83,367017
80,113572
74,685559
68,917770
64,864676
62,119746
60,745948
60,597379
62,771975
65,492206
69,748448
75,825979
80,310196
83,708890
84,816545
83,468553
85,936457
88,153978
88,433791
87,279176
82,078792
84,955837
84,283648
83,323073
83,290376
80,424202
74,754377
69,089984
64,990024
62,485477
61,323780
61,320738
63,460824
65,850664
70,306631
76,738768
81,704585
85,375822
86,477659
85,445128
87,944324
89,746545
90,241467
89,265021
84,236229
87,160578
86,412506
85,419699
85,558438
82,403549
77,255629
71,270658
66,643612
63,871451
62,487635
62,339478
64,336895
66,796462
70,765510
75,687844
79,004516
81,651598
81,950464
80,439738
82,102410
83,199029
83,103685
81,364952
78,251026
81,495954
81,148414
79,704103
79,337226
76,522882
72,569944
67,348212
63,462776
60,750168
59,306902
59,120357
59,799273
58,889847
61,292288
65,375004
68,045709
69,619279
70,161423
70,006409
69,944891
69,974060
70,083042
70,187348
71,587002
79,115356
78,865905
75,787130
73,586645
70,447297
66,587367
62,852763
59,589035
56,942008
55,177313
54,306209
53,995813
51,606862
52,345719
55,004575
57,207212
59,332918
61,083876
61,590614
61,507391
61,657331
62,592333
64,058090
66,624059
75,032749
74,885972
73,814733
72,829110
71,157567
67,285104
63,005214
59,820008
57,854865
56,850327
56,829985
59,574681
62,464257
67,572513
74,324793
79,140978
82,909398
84,176705
82,923582
85,751684
87,487280
87,683070
86,657865
81,348853
84,212822
84,349522
83,946214
83,815640
80,752960
75,009040
69,565331
65,242128
62,679969
61,359663
61,368598
63,406041
65,782010
70,563553
77,338203
81,825365
85,272665
86,321310
85,490348
88,386523
90,373073
90,870378
89,724291
84,106678
86,131582
85,986223
85,611764
86,004868
82,373718
77,645513
72,000930
67,863951
64,625272
63,104552
63,026480
64,661452
66,783828
71,737672
78,635495
83,112744
86,059716
87,047778
85,944766
89,011173
91,173817
91,269710
89,731231
84,073489
85,839277
85,203989
84,771086
84,758487
82,002811
76,774333
71,381121
67,032742
64,193764
62,999528
62,975810
64,787882
66,779573
71,161660
76,986124
80,562929
83,754315
84,623852
83,985235
86,619817
88,614490
88,883694
87,908544
83,115563
85,195870
84,432482
83,722805
83,734520
80,931736
76,022864
71,040042
67,079345
64,608924
63,433111
63,528054
65,581223
67,751615
72,081169
78,292172
82,020269
85,105106
85,612212
84,032301
86,416815
88,243004
87,940422
85,683607
81,993769
84,481762
83,416210
82,097305
81,531848
79,249042
75,214747
70,496252
66,504233
63,645327
62,346165
61,793853
61,838007
60,968557
63,444228
67,076505
69,517583
71,044992
71,212678
70,784472
70,564791
70,436906
70,283342
70,736111
72,354606
78,687233
78,660768
75,771369
73,215869
70,184585
66,719902
62,838277
59,429942
56,930481
55,369486
54,545784
54,149129
51,753233
52,567988
54,695917
56,415995
58,159311
59,742243
59,960973
59,347995
59,296515
59,950693
61,500469
64,368509
71,650358
71,104376
69,801689
68,534403
65,569764
61,472667
57,609126
54,646374
52,886719
52,394152
53,012502
55,809905
58,967659
63,596085
68,836818
71,932864
74,497247
75,374760
73,763689
74,942935
76,059255
76,401376
76,571523
73,381572
77,438103
77,844992
77,077147
75,982026
72,070120
66,237481
60,866007
57,198955
55,246613
54,538479
54,900937
57,620631
60,679254
65,254521
69,734605
72,202441
74,680040
75,576364
74,157209
75,689283
77,379553
77,700502
77,957807
75,194591
79,514298
79,487602
78,674592
78,288640
73,831719
68,418771
62,798722
58,875221
56,773009
55,887893
56,416048
59,223780
62,851755
66,544421
71,080909
73,819713
76,000584
76,304168
74,077692
74,900375
76,100626
76,474657
76,981185
75,862920
79,667127
78,797768
78,113247
76,297919
72,001752
66,270432
61,028001
57,185545
55,627830
54,976945
55,501671
58,599804
62,566692
66,550728
71,018941
73,448858
75,642584
76,412640
74,393817
74,974328
75,643758
75,902312
76,068425
74,724295
79,506310
79,824945
78,302385
76,632398
72,239280
66,668455
61,136976
56,961234
54,479594
53,836270
54,367318
57,217315
60,847316
65,541917
69,656721
72,432548
74,593399
75,329417
73,762727
74,889266
75,955413
76,196866
75,214212
73,274531
78,415719
79,190001
77,030794
75,252140
71,494770
66,644858
61,193475
57,133868
54,786719
53,421615
53,370306
53,610131
53,196941
56,701614
60,591291
63,541994
65,243092
65,634903
65,499456
65,168759
64,829115
64,773084
65,441309
67,579981
74,350504
74,319646
70,855439
67,948528
64,150764
59,829567
55,696379
52,395218
50,092271
48,903791
48,235257
47,812803
46,092123
47,791293
50,793022
53,179020
55,303585
56,718388
57,367242
56,449828
56,043151
56,501562
58,226473
61,465231
69,456708
69,455356
67,925706
66,492661
63,530155
59,173713
51,080061
48,255073
46,332364
45,883815
46,196621
48,820937
52,223780
56,919562
62,547634
66,380868
69,367232
70,607080
69,250103
70,549564
72,280657
72,761737
72,594813
69,038575
73,319791
74,293261
73,506483
72,609054
68,701262
62,905607
57,981891
53,552381
51,216335
50,604021
51,028599
53,308425
56,870750
62,092462
67,513137
70,668157
74,053067
75,602309
74,612230
76,591069
78,430301
79,027514
78,450873
73,864314
77,615469
77,830018
77,093490
76,874388
73,054794
67,385740
65,377073
61,014825
58,543802
57,356821
57,626187
59,533924
62,531494
67,438538
73,454816
77,163284
80,309408
81,612316
80,413719
82,912631
84,767416
85,225920
84,400732
79,394028
82,612001
82,383926
81,787736
81,218225
78,122800
72,864505
67,752042
63,454219
61,129363
59,872868
59,958638
61,705913
64,558035
69,680825
75,388055
78,920343
81,572860
81,457770
80,343260
82,604775
84,500867
84,862681
83,444445
77,756606
80,962276
81,158062
80,261627
80,113962
76,646298
71,442649
61,788633
57,540915
54,815907
53,684381
54,038816
55,424328
58,485002
63,424197
68,998215
73,195910
76,464004
77,209809
76,284288
78,515698
80,458898
79,821128
77,921964
73,133303
76,688866
76,960719
75,624939
75,348524
72,328808
68,268082
67,857493
63,875314
61,171674
59,478692
58,719246
58,171417
57,701490
61,405700
65,590799
68,706393
70,847843
71,923988
71,186581
71,271029
71,323559
71,565078
71,800676
72,449260
79,606967
80,545204
77,819371
75,158575
71,681338
68,283404
64,206389
60,850830
58,262741
56,709324
55,645943
54,344167
52,061150
53,200136
55,575365
57,634128
58,926084
60,133451
60,323696
59,802334
59,473247
59,884668
61,414426
63,845230
71,435351
71,458786
70,381177
68,672057
66,523083
62,919628
59,165926
56,320504
54,683410
54,130079
54,589698
56,817346
60,517734
65,880224
71,441006
74,718345
77,187834
78,156231
76,754071
78,466394
79,937273
80,511004
79,288989
75,109056
78,447652
78,911385
78,585599
77,943096
74,063996
68,557219
63,709594
59,660749
57,507400
56,856468
57,230009
59,302722
62,632334
67,308263
72,294633
75,002209
77,303613
77,955498
76,105665
77,064145
78,336854
78,539350
77,864632
75,163079
78,558274
78,667616
77,825809
77,396803
73,310071
67,480359
62,291956
58,640270
56,685479
56,051107
56,551180
59,004667
62,400827
66,990860
71,807896
74,161978
76,382974
77,144878
75,437046
76,642653
77,938895
78,360716
77,832740
74,658765
78,381988
78,715213
77,930986
77,003350
73,311298
67,761047
62,207000
58,511201
56,416126
55,611232
56,076211
58,321758
61,696923
66,598686
71,789897
74,801328
77,211575
78,083463
76,490287
78,255429
79,885671
80,123203
79,314526
75,745804
79,225552
79,767857
78,377758
77,823588
74,630895
68,959767
63,423312
59,357141
57,326540
56,435423
57,026664
58,949547
62,193060
67,224579
72,741887
76,110624
79,139274
79,656889
78,673439
80,921046
82,556047
82,453850
80,572932
76,320704
80,126274
81,011975
79,229672
78,226786
75,202898
70,657910
65,842146
62,034429
58,905462
56,872062
55,654301
53,849520
52,182545
54,990923
58,550525
61,355178
63,099466
64,248927
64,616942
64,653702
64,998311
65,366882
65,577623
66,429036
73,232950
75,385213
73,640485
71,668003
69,540577
66,789750
63,213221
59,702750
57,234411
55,530942
54,684384
52,722227
51,263072
53,442355
56,410000
59,053695
61,137697
62,090418
62,203322
62,476043
62,749161
63,654641
64,884318
66,664090
74,161350
75,348909
74,545948
74,121179
72,701645
69,087029
64,793054
61,624727
59,300015
58,259514
58,252883
58,766278
61,672942
68,821271
75,889709
80,861317
83,885764
84,128802
83,450951
86,264587
88,314854
88,479375
86,565569
80,518635
81,990676
83,052632
82,438019
82,666123
79,757071
74,734913
69,850267
65,657882
63,162642
61,990046
61,893207
62,431492
64,402435
70,609602
76,606704
79,970490
82,060262
81,915999
81,314285
83,756164
85,303747
85,217645
84,080241
78,740253
81,012652
81,828952
81,332274
81,848861
78,777353
73,532803
68,313611
64,572034
61,970591
60,765465
60,905780
61,846971
64,654173
70,501547
76,100424
79,653917
82,242587
82,637315
81,484084
83,865788
85,728956
86,108684
84,927530
79,748871
82,182194
83,109943
82,640816
82,397803
79,945881
75,148207
69,428877
65,528136
62,991578
61,920211
62,002985
63,044087
65,734192
71,491286
77,389116
81,112318
83,952582
84,828770
83,771957
86,524527
88,634920
88,595886
87,158670
81,195106
83,513942
84,322348
83,373092
83,436935
80,585376
76,913765
71,667672
67,074888
64,592732
63,513668
63,356687
64,057251
66,468899
72,166884
77,896644
81,798579
84,439534
84,711483
83,856297
86,725401
89,294619
89,418707
86,779551
81,326298
83,649488
83,884322
82,971287
82,606066
80,069730
76,754606
72,274263
68,539205
65,788161
64,169028
63,272432
61,847527
61,272086
64,428836
68,495174
71,869953
73,701525
74,050667
73,536633
73,343354
72,837380
72,802585
70,693148
70,801841
77,015830
78,323657
76,012511
74,048813
71,160683
67,676531
64,080419
60,613487
58,343045
56,371255
55,639365
53,791711
52,023303
53,323700
55,022816
56,933152
58,068121
59,097040
59,361548
59,062694
58,974755
59,203661
60,552087
62,959403
69,881809
70,989849
70,259601
69,281329
67,020317
63,517293
59,678200
56,759311
55,288990
54,534769
54,754482
56,582051
59,982759
65,315294
70,895158
73,968114
76,109444
76,751065
74,815766
75,347274
76,181646
76,146838
75,950202
73,483584
77,161461
77,587988
76,901408
76,004135
72,373199
66,320935
61,619565
58,377182
56,506514
55,947010
56,489248
58,024527
61,914941
66,883876
71,465214
74,394151
76,598930
77,496749
76,178827
77,401729
78,794800
78,679988
78,151455
74,327183
78,267376
79,778505
79,132831
77,906324
73,844511
68,141422
62,605732
58,594378
56,603533
55,813290
56,572344
57,936048
61,752378
66,724781
72,341253
75,511256
78,119541
79,032390
77,304317
78,972874
79,995183
80,031115
79,711973
75,878435
78,863147
79,665675
78,966683
77,635761
73,478562
68,184171
63,228450
59,376525
57,154139
56,367980
56,562008
57,902975
61,734110
66,830841
72,567251
76,168718
79,195650
80,308716
78,986136
80,914206
82,698610
83,010406
81,940226
77,376180
80,010751
81,178254
80,221050
79,466486
75,977159
71,202421
65,728673
61,654385
59,296248
58,430820
58,626739
59,730646
63,701565
69,496903
75,717790
79,823754
83,159182
83,911517
82,527190
84,881542
86,731822
86,275252
83,344331
78,703863
80,458947
81,906278
80,405445
79,691456
77,230029
73,170486
68,369150
64,595945
61,985363
60,156426
59,935704
58,737646
59,036405
62,984902
67,134092
69,905312
71,938693
72,451368
72,426084
72,433590
72,724988
71,900079
71,319889
71,822768
77,049092
78,240157
75,665325
73,069675
69,998534
67,097799
62,947628
59,748768
57,116383
55,909424
54,959296
52,317359
51,495805
53,787344
56,454986
58,663060
60,720523
61,943589
62,350358
62,591390
63,238749
64,315113
65,520325
67,501618
74,218937
76,269945
75,278794
74,921121
73,381916
70,170027
66,019179
62,455316
60,791203
59,497975
59,211163
59,690859
62,332274
68,575901
75,198200
79,196714
82,002024
82,690854
81,995138
84,392472
86,163987
86,561861
85,371067
80,248205
82,059415
83,596264
82,992613
82,522987
79,545035
75,167475
70,404075
66,450057
64,181038
63,159234
63,208948
63,494898
66,748526
72,830146
79,617254
83,815185
85,943295
86,332074
85,335863
87,736956
89,900255
89,961509
88,128133
82,461585
83,819242
85,352898
85,113432
84,710835
81,795223
77,169330
71,898583
68,150514
65,469885
64,316919
64,240444
64,471341
67,678212
73,052377
79,692040
84,006082
87,129847
87,772496
86,029500
89,049837
91,247040
91,093800
89,511509
83,767865
84,838981
85,993989
85,538859
85,539747
83,034176
78,100180
68,347901
64,168550
61,408996
59,824313
59,873672
59,700294
62,986893
68,768877
75,484834
79,264693
81,208637
81,503809
80,157138
82,335028
84,453508
84,552973
83,452562
77,768267
79,149403
80,764175
79,986025
79,902736
77,178267
72,734226
71,366995
67,257527
64,723074
63,500335
63,350686
63,223956
66,077910
71,611234
77,600258
81,470146
84,299562
84,843199
83,597363
85,610745
86,886736
86,516025
83,789646
78,985171
80,279157
81,957671
80,624795
79,949174
77,294497
73,476740
68,872474
65,273548
62,874534
61,162498
60,128887
57,244563
56,036642
57,659750
60,063836
62,204279
64,033374
65,047120
65,541850
65,847707
66,372003
66,725260
66,940637
67,656449
73,984109
77,012756
74,943128
73,182904
70,499443
68,056618
64,471459
60,926989
58,616151
56,990838
56,161699
53,509509
52,467938
54,170384
56,461883
58,501090
60,587302
61,921648
62,361746
62,795746
63,431058
64,460364
65,789267
67,515667
73,935990
76,840151
76,442670
76,022994
74,507496
71,148271
67,000981
63,935474
61,758776
60,878078
61,010456
60,974885
64,539197
71,232647
78,476412
83,980707
87,240027
88,411604
86,953211
89,818460
91,971204
91,872639
90,161178
83,661034
84,018859
86,184391
86,269658
86,736953
84,311945
79,619971
74,259223
70,255882
67,761242
66,555428
66,180524
66,081605
68,975306
74,864383
81,718075
85,585070
88,507420
88,999043
88,062202
90,793261
92,765983
92,558921
90,515305
83,723830
83,698441
84,984372
85,208229
86,042950
82,729978
77,706522
72,455433
68,899429
66,678814
65,210794
65,122011
65,071617
67,737013
72,909597
78,841000
82,369767
84,422063
84,072254
81,333723
82,487023
84,426146
84,280005
83,343679
78,743794
80,306116
82,019607
81,805718
81,502251
78,467536
73,076638
67,856742
64,006256
61,647068
60,667566
60,500875
61,540131
64,955369
70,119867
75,271341
78,244397
80,802092
81,262551
79,959904
81,855003
83,589653
84,000674
83,150135
78,259702
80,357687
82,212469
81,485909
81,210908
78,445685
73,658142
68,107008
64,169860
61,725092
60,830897
61,062390
62,079808
65,619382
70,867437
76,549230
79,489154
81,843775
82,328108
80,504612
82,287147
83,465165
82,930855
81,002983
77,460547
79,345730
80,686163
79,716462
79,050571
76,284248
72,365895
67,719967
64,212022
61,579334
60,069560
59,710583
58,580582
59,255112
62,772544
66,872031
69,671005
71,331783
71,883751
71,363036
71,150256
71,297358
71,335952
71,197275
71,836973
77,384688
79,658196
77,182874
75,111754
71,648346
68,314883
64,356511
61,382598
59,172320
57,797240
56,993502
54,813689
53,452175
54,870460
57,231132
59,449629
61,064769
62,202458
61,765308
61,612819
61,641718
62,147983
63,472045
65,455034
71,471850
74,329731
73,796023
72,770149
70,986739
67,344389
63,351592
60,457592
58,764964
58,183962
58,526931
59,499227
63,317645
69,294287
75,994697
79,904678
82,710258
82,637213
80,699755
82,000952
83,540333
83,089407
81,825846
76,778156
77,556543
79,930226
80,143528
79,854033
76,638685
71,022070
65,942067
62,163664
59,973701
58,897115
59,154618
59,727247
63,387528
68,663604
73,830015
77,421359
80,055650
80,815837
79,317162
81,333046
83,078339
83,035008
81,672149
76,768289
77,993523
80,794511
80,569731
80,149404
76,743117
71,192238
65,714862
62,102331
59,971818
59,029633
59,340456
59,919647
64,000584
69,084291
74,743362
78,169408
80,979095
81,851282
80,467748
82,377451
83,824182
83,830754
82,664328
77,862873
79,849652
81,457738
80,960500
80,184861
76,871102
71,970891
67,268807
63,383096
61,018951
60,270087
60,513601
61,792928
64,981443
70,065550
75,036230
78,112254
80,446958
80,852416
79,188403
80,742648
81,979081
81,866873
80,876877
76,274740
78,425697
79,124896
77,779934
77,232634
73,999300
69,705714
64,796824
61,068053
58,917961
57,753474
57,367304
56,004658
55,091865
57,491284
60,247225
62,563730
64,162193
64,942932
65,237560
65,057127
64,714112
64,752984
65,141980
65,769237
70,541570
73,374431
71,414197
69,330155
66,220923
62,688129
58,501328
55,232627
53,300259
52,285298
52,044580
50,687064
51,233911
54,604950
59,247759
61,908233
63,606408
64,396245
64,314882
63,818125
63,797128
63,861890
64,406433
65,207557
70,656110
75,270706
72,517605
69,373500
65,826191
61,923205
58,045494
54,982103
52,668309
51,408590
50,661446
47,983143
47,629580
49,295417
51,979141
54,479405
56,471556
58,134001
58,173765
57,510831
57,247781
57,697459
59,293282
61,604364
67,050527
69,469118
68,615703
67,862821
64,916849
60,676081
56,861130
54,490912
52,871704
52,142979
52,596344
53,773754
57,796284
63,155065
69,109697
72,611882
75,435337
76,233494
74,739089
75,803535
77,216698
77,245340
76,756434
73,506427
74,781706
77,598394
77,308644
76,141922
72,347900
67,149611
61,752321
57,964340
55,772576
55,387033
55,934668
57,295308
61,475218
66,488424
72,030743
75,447223
78,070777
78,868756
77,595248
79,395337
80,960279
80,860436
79,816005
76,258715
77,074534
79,401481
78,157607
76,604167
73,020569
68,038674
62,573122
58,854598
56,920822
56,075461
56,032541
55,721599
57,912600
62,573657
67,535863
70,715041
72,982312
73,787580
73,490736
74,658160
74,927211
74,440990
73,764181
71,100335
73,289987
76,329941
75,492421
74,274689
71,402191
66,939852
61,849296
58,358467
56,356854
55,386472
55,783062
56,684865
61,133813
66,810914
72,786741
76,733189
79,250159
80,454562
79,458044
81,606023
83,210207
83,149148
81,930304
77,074759
78,046711
80,809311
80,184141
79,205861
75,481911
71,112131
65,147408
61,175869
58,883508
58,055187
58,062966
58,543465
62,710813
68,788296
75,361108
79,699251
82,616493
83,307326
81,990119
83,687456
85,016614
84,426691
81,968870
77,419586
77,885508
80,792431
80,176822
78,384183
75,150758
73,247181
68,651750
64,475576
61,912300
60,583615
59,946315
58,211497
59,297975
63,298467
68,283615
71,076144
72,506070
73,075392
72,539090
72,147122
71,618442
71,174201
70,826514
70,634120
73,732320
76,761369
74,984392
72,292122
68,414723
65,341506
61,458381
58,215660
55,968975
54,228391
53,419074
51,182352
49,940717
51,004416
52,306738
54,273294
56,032560
57,094937
57,319412
56,887680
56,624910
56,799684
58,173113
60,695992
65,927269
68,804737
67,935902
66,335236
63,827068
59,632412
55,695548
53,081339
51,441264
50,749201
51,304950
52,533635
57,185930
62,702038
68,350964
71,900135
74,571956
75,563347
74,506713
75,762810
77,290301
77,691947
76,796355
72,945650
74,053216
78,280367
77,993998
77,291937
73,384880
67,252296
62,198635
58,510205
56,437148
55,562565
56,136619
56,764977
61,276834
66,510847
72,045755
75,663801
78,531264
79,557950
78,709732
80,949319
82,692155
83,088313
82,101835
77,529107
78,097670
81,933340
81,470496
80,785345
76,872104
70,966697
65,429516
61,742667
59,542697
58,803000
58,932094
59,316115
63,947019
69,551079
75,049890
78,461633
81,317368
82,142479
80,961090
82,498318
83,998132
83,959112
83,399137
78,819062
80,518873
82,543966
82,033687
80,962089
76,924449
71,452556
65,882930
61,982349
59,800761
58,865299
59,093603
59,810866
63,767038
69,123110
74,428433
77,489746
79,722173
79,834128
77,767078
78,763179
79,940655
80,006616
79,541694
76,056349
77,253766
79,941001
79,013238
77,550803
73,251298
67,953742
62,873868
59,166743
57,043530
56,189344
56,352742
57,221257
61,213935
66,639914
71,403945
74,275301
76,428032
77,042702
75,711536
77,249794
78,513826
78,555593
76,909190
73,866042
75,116675
78,511227
77,372724
76,350103
72,742082
68,439365
63,850444
60,000826
57,447043
56,267940
55,690205
54,328475
55,701686
60,280154
64,910186
68,071696
70,004924
70,407716
70,186138
69,913504
69,812311
69,984621
70,010131
70,104531
73,863219
77,660423
75,302515
72,364876
68,821328
65,416512
62,110397
58,835484
56,260353
54,783817
54,022936
51,378954
50,858102
53,087557
55,961734
58,482437
60,335488
61,849145
62,108824
61,677016
61,673570
62,172943
63,360161
65,279719
69,989718
73,417182
72,525818
70,994544
68,709099
64,979711
60,482409
57,655704
55,904389
55,202504
55,553255
56,429725
60,719859
66,443042
71,781401
74,963699
77,528257
78,362236
76,512748
77,040836
78,288035
78,507999
77,553813
73,400813
73,998272
77,862906
77,995994
77,268343
73,356080
67,578599
62,472094
58,540661
56,198209
55,378807
55,640997
56,126156
60,363449
65,996361
70,984707
74,074170
76,278476
76,659542
75,116503
76,412213
77,729860
78,154760
77,690268
74,151628
75,197506
79,113858
78,699764
77,695961
73,260470
67,555626
62,166336
58,599916
56,604327
55,990986
56,374166
57,414529
61,683564
67,402158
72,748671
76,146783
79,220610
79,930688
79,169638
81,166702
82,688249
82,679032
82,070589
77,646912
78,368566
81,978847
81,584937
80,519748
77,039535
71,367537
65,983467
61,981116
59,761252
58,842600
59,081308
59,595835
63,780740
69,714450
76,195435
80,222697
82,761992
83,456171
82,286680
84,004369
85,551725
85,470234
84,648020
80,368640
80,806566
82,729526
81,969889
81,070005
77,560539
72,321913
66,833080
63,105427
60,756874
59,729593
60,132929
61,204995
64,501098
69,772751
75,038294
77,718416
79,374209
78,983248
77,303129
78,729429
80,006826
79,902003
78,226442
75,173028
75,808634
79,344149
78,192822
77,136676
73,971391
69,296974
65,012043
61,133195
58,589914
57,446956
57,049972
55,323934
56,394056
60,476428
64,703075
67,866476
69,324525
69,541269
69,050658
68,864412
68,721787
68,576496
68,541498
69,047372
71,936907
77,188125
74,891296
71,690129
67,644012
63,738593
59,956866
56,528617
53,916793
52,381622
51,611927
48,851498
48,791097
50,966616
53,919213
56,444705
58,487921
60,036047
60,532728
60,161771
60,191322
60,826025
61,868639
63,202089
67,497042
72,212047
71,501199
70,333363
67,992361
64,449143
60,475353
57,447464
55,666467
54,952856
55,329654
56,125166
60,875662
67,610391
73,829565
77,507843
79,802161
80,414613
79,450356
81,091912
82,136964
81,907433
81,007449
76,753632
77,497982
81,021763
81,015082
80,054034
76,682654
70,992827
65,935187
62,238657
59,406158
58,387208
58,813567
59,494890
63,073572
69,434944
74,900787
77,835692
80,017155
79,783907
78,484697
80,121001
81,311401
81,670570
81,338275
77,651750
77,956402
81,141672
80,520143
79,766328
75,579862
70,155413
64,811458
60,924951
58,950324
58,240539
58,637905
59,204013
62,861467
69,062586
74,122092
76,965711
79,058196
79,493841
78,258613
80,162958
81,616776
81,801766
81,509088
77,845876
78,857721
81,365622
80,648116
79,535381
75,665960
70,017093
64,783476
61,135216
58,958939
58,133678
58,507567
59,256651
62,996036
69,164746
74,881958
78,224827
80,373508
80,147549
79,145141
81,249719
82,622163
83,089844
82,341076
78,309041
78,208159
82,425218
81,552308
80,512127
76,991881
71,911035
66,868461
63,110101
60,668555
59,529592
59,636615
60,007560
64,059698
70,749988
76,873513
81,040917
83,416202
82,990511
82,165153
83,958766
84,880823
84,780436
82,884234
78,953792
79,067282
82,372461
81,105521
79,811817
76,440834
72,297507
68,018149
64,190593
61,784235
60,116789
59,629190
58,113147
58,805619
62,591706
66,580578
69,463552
71,345507
71,746711
71,277164
71,464078
71,223568
71,081574
71,329618
72,009052
74,712921
78,764631
77,149705
74,206141
71,187576
67,434314
63,792437
60,696132
58,347788
56,754705
56,082796
53,393332
53,004707
54,914573
57,888353
60,493919
62,687601
64,035779
64,158643
64,160949
64,297829
64,832280
65,571070
67,073296
70,199412
76,190680
76,076352
75,537940
74,365137
71,157253
67,109281
63,736207
61,436423
60,310255
60,294606
60,067895
63,666225
71,019024
77,983985
82,456718
85,106556
85,322924
84,882136
87,305549
88,874538
89,141620
87,712111
82,668352
80,449189
85,758601
86,111168
86,153536
83,535571
78,328102
73,306532
69,029451
66,314295
65,015559
64,710049
63,874667
66,907331
72,693263
79,188611
82,853783
85,126236
85,430509
84,763760
87,535104
89,558972
89,757264
87,766645
82,724266
81,637007
85,453961
85,074600
84,537740
81,724717
76,680186
71,542059
67,708334
65,019602
63,814113
63,646418
63,283884
65,973741
71,777355
77,440079
80,986537
82,850005
82,255449
81,496937
83,254181
84,444964
84,416561
83,305337
79,104369
79,265670
83,133357
82,737604
82,275720
79,356503
74,683534
69,675032
65,315804
62,892181
61,674698
61,468982
61,559043
64,045457
69,549140
74,863653
78,140181
79,988922
79,948437
79,098985
80,681652
81,743523
81,662917
80,680701
77,339522
77,401103
81,438032
81,176468
80,570465
77,422467
72,513962
67,711359
63,419928
60,896467
59,804416
60,030528
60,119130
62,805120
68,405763
73,926998
77,237686
79,316559
79,510197
78,956452
80,350887
81,249719
81,128710
79,487058
77,009086
78,003247
82,184992
81,245732
80,264909
77,827452
73,807861
69,724297
65,766675
62,931832
61,418267
60,604705
58,955725
59,350697
62,469276
66,227911
68,619346
70,103891
70,349361
70,482257
70,547023
71,075023
71,486143
71,249443
72,033192
74,456532
80,375737
79,072330
77,048179
74,793470
71,529774
67,884926
64,175195
61,583722
59,877913
58,867506
56,304333
55,102027
56,894623
59,721613
62,048319
63,973875
64,875458
65,073340
64,884012
64,847441
64,971545
65,430450
66,767920
69,878901
74,444853
74,537652
74,080124
72,533902
68,948387
64,937489
61,490401
59,358940
58,253721
58,067006
57,778988
58,943073
63,418693
68,165754
71,110286
72,824898
73,263765
73,209082
74,114324
73,989862
73,417695
72,876923
70,786071
71,450064
75,555340
75,873739
75,368409
73,254172
68,965857
64,310619
60,356070
57,535107
56,285550
55,819886
54,751669
54,819545
58,492079
62,461453
65,146614
65,987910
66,149963
65,489086
65,370057
65,413787
65,633309
65,813817
65,726911
68,324996
76,466193
74,575599
68,276565
61,926667
58,371788
55,334970
55,343225
54,407145
52,870915
51,766741
48,969926
47,226383
48,236989
50,246582
52,762462
54,886704
56,629796
56,295977
54,388219
53,806559
54,528557
55,499780
57,113744
60,174367
67,440599
68,978955
69,184507
67,613709
64,360632
59,828467
57,512518
55,473502
54,286124
54,153939
52,942728
55,098011
60,291347
66,370992
70,728416
73,412526
74,603770
75,263093
76,967682
77,974376
78,039018
77,433964
74,348880
73,381678
79,429079
79,857461
79,057413
76,437601
72,001563
67,866230
63,882147
61,183534
59,826757
59,558202
58,256684
59,441889
63,752730
69,222314
73,099330
75,643416
76,430643
76,562871
78,431347
79,626425
79,607142
78,398224
75,529396
74,756358
81,033389
80,751083
79,840901
77,684727
74,154332
69,727008
66,077082
63,533596
62,063813
61,129518
58,988509
58,601725
61,351760
65,360635
68,442271
69,951907
70,908351
71,092302
71,267488
71,539481
71,808713
71,630761
72,134062
74,225779
80,508697
79,674228
77,659628
75,102871
72,016278
68,532436
65,163233
62,702252
61,167579
59,901898
56,954611
55,367917
56,723702
58,871593
60,795345
62,350952
63,466334
63,984085
64,110206
64,609618
65,352003
66,035609
67,339120
69,984728
75,988702
76,256996
75,036517
73,485438
70,559131
66,852177
63,555939
61,475713
59,972169
59,524724
57,902737
58,678541
62,980853
68,151370
71,700919
73,756853
74,404229
74,852799
76,088732
76,864099
76,659098
75,915104
72,776342
71,731168
77,747133
78,705329
78,492899
76,876544
73,642686