2850
58,927500
62,310000
58,590000
55,800000
54,870000
54,870000
55,800000
68,820000
79,980000
88,350000
89,280000
89,280000
88,350000
88,350000
88,350000
86,490000
87,420000
92,070000
93,000000
93,000000
89,280000
84,630000
77,190000
67,890000
58,590000
67,000000
63,000000
60,000000
59,000000
59,000000
60,000000
74,000000
86,000000
95,000000
96,000000
96,000000
95,000000
95,000000
95,000000
93,000000
94,000000
99,000000
100,000000
100,000000
96,000000
91,000000
83,000000
73,000000
63,000000
65,660000
61,740000
58,800000
57,820000
57,820000
58,800000
72,520000
84,280010
93,100000
94,080000
94,080000
93,100000
93,100000
93,100000
91,140000
92,120000
97,020000
98,000000
98,000000
94,080000
89,180010
81,340000
71,540000
61,740000
64,320000
60,480000
57,600000
56,640000
56,640000
57,600000
71,040000
82,560000
91,200000
92,160000
92,160000
91,200000
91,200000
91,200000
89,280000
90,240000
95,040000
96,000000
96,000000
92,160000
87,360000
79,680000
70,080000
60,480000
62,980000
59,220000
56,400000
55,460000
55,460000
56,400000
69,560000
80,840000
89,300000
90,240000
90,240000
89,300000
89,300000
89,300000
87,420000
88,360000
93,060000
94,000000
94,000000
90,240000
85,540000
78,020000
68,620000
59,220000
60,060000
55,440000
52,360000
50,820000
49,280000
50,050000
50,820000
53,900000
61,600000
67,759990
69,300000
70,070000
69,300000
67,759990
66,990000
66,990000
70,070000
77,000000
76,230000
74,690000
72,380000
70,840000
66,990000
62,370000
58,500000
54,000000
51,000000
49,500000
48,000000
48,750000
49,500000
52,500000
60,000000
66,000000
67,500000
68,250000
67,500000
66,000000
65,250000
65,250000
68,250000
75,000000
74,250000
72,750000
70,500000
69,000000
65,250000
60,750000
59,319120
55,777680
53,121600
52,236240
52,236240
53,121600
65,516640
76,140960
84,109200
84,994550
84,994550
84,109200
84,109200
84,109200
82,338480
83,223840
87,650640
88,536000
88,536000
84,994550
80,567760
73,484880
64,631280
55,777680
63,784000
59,976000
57,120000
56,168000
56,168000
57,120000
70,448000
81,872000
90,439990
91,392000
91,392000
90,439990
90,439990
90,439990
88,536000
89,488000
94,248000
95,200000
95,200000
91,392000
86,632000
79,016000
69,496000
59,976000
62,508320
58,776480
55,977600
55,044640
55,044640
55,977600
69,039040
80,234560
88,631200
89,564160
89,564160
88,631200
88,631200
88,631200
86,765280
87,698240
92,363040
93,296000
93,296000
89,564160
84,899360
77,435680
68,106080
58,776480
61,232640
57,576960
54,835200
53,921280
53,921280
54,835200
67,630070
78,597110
86,822400
87,736310
87,736310
86,822400
86,822400
86,822400
84,994550
85,908480
90,478070
91,392000
91,392000
87,736310
83,166720
75,855350
66,716160
57,576960
59,956960
56,377440
53,692800
52,797920
52,797920
53,692800
66,221120
76,959680
85,013600
85,908480
85,908480
85,013600
85,013600
85,013600
83,223840
84,118710
88,593120
89,488000
89,488000
85,908480
81,434080
74,275040
65,326240
56,377440
57,177120
52,778880
49,846720
48,380640
46,914550
47,647590
48,380640
51,312800
58,643200
64,507510
65,973590
66,706630
65,973590
64,507510
63,774480
63,774480
66,706630
73,303990
72,570950
71,104880
68,905750
67,439670
63,774480
59,376240
55,692000
51,408000
48,552000
47,124000
45,696000
46,410000
47,124000
49,980000
57,120000
62,832000
64,259990
64,974000
64,259990
62,832000
62,118000
62,118000
64,974000
71,399990
70,686000
69,258000
67,116000
65,688000
62,118000
57,834000
53,711220
50,504580
48,099600
47,297940
47,297940
48,099600
59,322840
68,942760
76,157700
76,959360
76,959360
76,157700
76,157700
76,157700
74,554370
75,356040
79,364340
80,166000
80,166000
76,959360
72,951060
66,537770
58,521180
50,504580
57,754000
54,306000
51,720000
50,857990
50,857990
51,720000
63,788000
74,132000
81,890000
82,752000
82,752000
81,890000
81,890000
81,890000
80,166000
81,028000
85,338000
86,200000
86,200000
82,752000
78,442000
71,546000
62,926000
54,306000
56,598920
53,219880
50,685600
49,840840
49,840840
50,685600
62,512240
72,649360
80,252200
81,096950
81,096950
80,252200
80,252200
80,252200
78,562680
79,407440
83,631240
84,476000
84,476000
81,096950
76,873160
70,115070
61,667480
53,219880
55,443840
52,133750
49,651200
48,823670
48,823670
49,651200
61,236480
71,166720
78,614400
79,441920
79,441920
78,614400
78,614400
78,614400
76,959360
77,786870
81,924480
82,752000
82,752000
79,441920
75,304320
68,684160
60,408960
52,133750
54,288760
51,047640
48,616800
47,806510
47,806510
48,616800
59,960720
69,684080
76,976590
77,786870
77,786870
76,976590
76,976590
76,976590
75,356040
76,166310
80,217720
81,028000
81,028000
77,786870
73,735480
67,253230
59,150440
51,047640
51,771710
47,789280
45,134320
43,806840
42,479350
43,143100
43,806840
46,461800
53,099200
58,409110
59,736600
60,400340
59,736600
58,409110
57,745380
57,745380
60,400340
66,373990
65,710260
64,382770
62,391560
61,064080
57,745380
53,762940
50,427000
46,548000
43,962000
42,669000
41,376000
42,022500
42,669000
45,255000
51,720000
56,892000
58,185000
58,831500
58,185000
56,892000
56,245500
56,245500
58,831500
64,649990
64,003500
62,710500
60,771000
59,478000
56,245500
52,366500
56,079000
52,731000
50,220000
49,383000
49,383000
50,220000
61,938000
71,982000
79,515000
80,352000
80,352000
79,515000
79,515000
79,515000
77,841000
78,678000
82,863000
83,700000
83,700000
80,352000
76,167000
69,471000
61,101000
52,731000
60,300000
56,700000
54,000000
53,100000
53,100000
54,000000
66,600000
77,400000
85,500000
86,400000
86,400000
85,500000
85,500000
85,500000
83,700000
84,600000
89,100000
90,000000
90,000000
86,400000
81,900000
74,700000
65,700000
56,700000
59,094000
55,566000
52,920000
52,038000
52,038000
52,920000
65,268010
75,852010
83,790000
84,672000
84,672000
83,790000
83,790000
83,790000
82,026000
82,908000
87,318000
88,200000
88,200000
84,672000
80,262000
73,206000
64,386000
55,566000
57,888000
54,432000
51,840000
50,976000
50,976000
51,840000
63,936000
74,304000
82,079990
82,943990
82,943990
82,079990
82,079990
82,079990
80,352000
81,216000
85,536000
86,400000
86,400000
82,943990
78,624000
71,712000
63,072000
54,432000
56,682000
53,298000
50,760000
49,914000
49,914000
50,760000
62,604000
72,756000
80,370000
81,216000
81,216000
80,370000
80,370000
80,370000
78,678000
79,524000
83,754000
84,600000
84,600000
81,216000
76,986000
70,217990
61,758000
53,298000
54,054000
49,896000
47,124000
45,738000
44,352000
45,045000
45,738000
48,510000
55,440000
60,984000
62,370000
63,063000
62,370000
60,984000
60,291000
60,291000
63,063000
69,300000
68,607000
67,221000
65,142000
63,756000
60,291000
56,133000
52,650000
48,600000
45,900000
44,550000
43,200000
43,875000
44,550000
47,250000
54,000000
59,400000
60,750000
61,425000
60,750000
59,400000
58,725000
58,725000
61,425000
67,500000
66,825000
65,475000
63,450000
62,100000
58,725000
54,675000
54,708180
51,442020
48,992400
48,175860
48,175860
48,992400
60,423960
70,222440
77,571300
78,387840
78,387840
77,571300
77,571300
77,571300
75,938220
76,754760
80,837460
81,654010
81,654010
78,387840
74,305150
67,772820
59,607430
51,442020
58,826000
55,314000
52,680000
51,802000
51,802000
52,680000
64,972000
75,508000
83,410000
84,288000
84,288000
83,410000
83,410000
83,410000
81,654010
82,532010
86,922000
87,800000
87,800000
84,288000
79,898000
72,874000
64,094000
55,314000
57,649480
54,207720
51,626400
50,765960
50,765960
51,626400
63,672570
73,997850
81,741810
82,602240
82,602240
81,741810
81,741810
81,741810
80,020930
80,881360
85,183560
86,044010
86,044010
82,602240
78,300050
71,416520
62,812130
54,207720
56,472960
53,101440
50,572800
49,729920
49,729920
50,572800
62,373120
72,487680
80,073600
80,916480
80,916480
80,073600
80,073600
80,073600
78,387840
79,230720
83,445120
84,288000
84,288000
80,916480
76,702080
69,959040
61,530240
53,101440
55,296440
51,995160
49,519200
48,693880
48,693880
49,519200
61,073680
70,977520
78,405400
79,230720
79,230720
78,405400
78,405400
78,405400
76,754760
77,580090
81,706680
82,532010
82,532010
79,230720
75,104130
68,501560
60,248360
51,995160
52,732680
48,676320
45,972080
44,619960
43,267840
43,943900
44,619960
47,324200
54,084800
59,493280
60,845400
61,521460
60,845400
59,493280
58,817220
58,817220
61,521460
67,606000
66,929940
65,577820
63,549640
62,197520
58,817220
54,760860
51,363000
47,412000
44,778000
43,461000
42,144000
42,802500
43,461000
46,095000
52,680000
57,948000
59,265000
59,923500
59,265000
57,948000
57,289500
57,289500
59,923500
65,850010
65,191510
63,874500
61,899000
60,582000
57,289500
53,338500
51,966540
48,864060
46,537200
45,761580
45,761580
46,537200
57,395880
66,703320
73,683900
74,459520
74,459520
73,683900
73,683900
73,683900
72,132660
72,908280
76,786380
77,562000
77,562000
74,459520
70,581420
64,376460
56,620260
48,864060
55,878000
52,542000
50,040000
49,206000
49,206000
50,040000
61,716000
71,724000
79,230000
80,064000
80,064000
79,230000
79,230000
79,230000
77,562000
78,396000
82,566000
83,400000
83,400000
80,064000
75,894000
69,222000
60,882000
52,542000
54,760440
51,491160
49,039200
48,221880
48,221880
49,039200
60,481680
70,289520
77,645400
78,462720
78,462720
77,645400
77,645400
77,645400
76,010770
76,828080
80,914680
81,732000
81,732000
78,462720
74,376120
67,837560
59,664360
51,491160
53,642880
50,440320
48,038400
47,237760
47,237760
48,038400
59,247360
68,855040
76,060800
76,861430
76,861430
76,060800
76,060800
76,060800
74,459520
75,260160
79,263360
80,064000
80,064000
76,861430
72,858240
66,453120
58,446720
50,440320
52,525320
49,389480
47,037600
46,253640
46,253640
47,037600
58,013040
67,420560
74,476200
75,260160
75,260160
74,476200
74,476200
74,476200
72,908280
73,692240
77,612050
78,396000
78,396000
75,260160
71,340360
65,068680
57,229080
49,389480
50,090040
46,236960
43,668240
42,383880
41,099520
41,741700
42,383880
44,952600
51,374400
56,511840
57,796200
58,438380
57,796200
56,511840
55,869660
55,869660
58,438380
64,218000
63,575820
62,291460
60,364920
59,080560
55,869660
52,016580
48,789000
45,036000
42,534000
41,283000
40,032000
40,657500
41,283000
43,785000
50,040000
55,044000
56,295000
56,920500
56,295000
55,044000
54,418500
54,418500
56,920500
62,550000
61,924500
60,673500
58,797000
57,546000
54,418500
50,665500
54,832800
51,559200
49,104000
48,285600
48,285600
49,104000
60,561600
70,382400
77,748000
78,566400
78,566400
77,748000
77,748000
77,748000
76,111200
76,929600
81,021600
81,840000
81,840000
78,566400
74,474400
67,927200
59,743200
51,559200
58,960000
55,440000
52,800000
51,920000
51,920000
52,800000
65,120000
75,680000
83,600000
84,480000
84,480000
83,600000
83,600000
83,600000
81,840000
82,720000
87,120000
88,000000
88,000000
84,480000
80,080000
73,040000
64,240010
55,440000
57,780800
54,331200
51,744000
50,881600
50,881600
51,744000
63,817600
74,166400
81,928000
82,790400
82,790400
81,928000
81,928000
81,928000
80,203200
81,065610
85,377600
86,240010
86,240010
82,790400
78,478400
71,579200
62,955200
54,331200
56,601600
53,222400
50,688000
49,843200
49,843200
50,688000
62,515200
72,652800
80,256000
81,100800
81,100800
80,256000
80,256000
80,256000
78,566400
79,411200
83,635200
84,480000
84,480000
81,100800
76,876800
70,118400
61,670400
53,222400
55,422400
52,113600
49,632000
48,804800
48,804800
49,632000
61,212800
71,139200
78,584000
79,411200
79,411200
78,584000
78,584000
78,584000
76,929600
77,756800
81,892800
82,720000
82,720000
79,411200
75,275200
68,657600
60,385600
52,113600
52,852800
48,787200
46,076800
44,721600
43,366400
44,044000
44,721600
47,432000
54,208000
59,628800
60,984000
61,661600
60,984000
59,628800
58,951200
58,951200
61,661600
67,759990
67,082400
65,727200
63,694400
62,339200
58,951200
54,885600
51,480000
47,520000
44,880000
43,560000
42,240000
42,900000
43,560000
46,200000
52,800000
58,080000
59,400000
60,060000
59,400000
58,080000
57,420000
57,420000
60,060000
66,000000
65,340000
64,020000
62,040000
60,720000
57,420000
53,460000
52,402710
49,274190
46,927800
46,145670
46,145670
46,927800
57,877620
67,263180
74,302350
75,084480
75,084480
74,302350
74,302350
74,302350
72,738090
73,520220
77,430870
78,213000
78,213000
75,084480
71,173830
64,916790
57,095490
49,274190
56,347000
52,983000
50,460000
49,619000
49,619000
50,460000
62,234000
72,326000
79,895000
80,736000
80,736000
79,895000
79,895000
79,895000
78,213000
79,054000
83,259000
84,100000
84,100000
80,736000
76,531000
69,802990
61,393000
52,983000
55,220060
51,923340
49,450800
48,626620
48,626620
49,450800
60,989320
70,879480
78,297100
79,121280
79,121280
78,297100
78,297100
78,297100
76,648740
77,472920
81,593820
82,418000
82,418000
79,121280
75,000380
68,406940
60,165140
51,923340
54,093120
50,863680
48,441600
47,634240
47,634240
48,441600
59,744640
69,432960
76,699200
77,506550
77,506550
76,699200
76,699200
76,699200
75,084480
75,891840
79,928630
80,736000
80,736000
77,506550
73,469760
67,010880
58,937280
50,863680
52,966180
49,804020
47,432400
46,641860
46,641860
47,432400
58,499960
67,986440
75,101300
75,891840
75,891840
75,101300
75,101300
75,101300
73,520220
74,310760
78,263460
79,054000
79,054000
75,891840
71,939140
65,614810
57,709420
49,804020
50,510460
46,625040
44,034760
42,739620
41,444480
42,092040
42,739620
45,329900
51,805600
56,986160
58,281300
58,928870
58,281300
56,986160
56,338590
56,338590
58,928870
64,757000
64,109430
62,814290
60,871580
59,576440
56,338590
52,453170
49,198500
45,414000
42,891000
41,629500
40,368000
40,998750
41,629500
44,152500
50,460000
55,506000
56,767500
57,398250
56,767500
55,506000
54,875250
54,875250
57,398250
63,075000
62,444250
61,182750
59,290500
58,029000
54,875250
51,090750
51,841920
48,746880
46,425600
45,651840
45,651840
46,425600
57,258240
66,543360
73,507190
74,280950
74,280950
73,507190
73,507190
73,507190
71,959680
72,733440
76,602240
77,376000
77,376000
74,280950
70,412160
64,222080
56,484480
48,746880
55,744000
52,416000
49,920000
49,088000
49,088000
49,920000
61,568000
71,552000
79,039990
79,871990
79,871990
79,039990
79,039990
79,039990
77,376000
78,208000
82,368000
83,200000
83,200000
79,871990
75,712000
69,056000
60,736000
52,416000
54,629120
51,367680
48,921600
48,106240
48,106240
48,921600
60,336640
70,120960
77,459200
78,274560
78,274560
77,459200
77,459200
77,459200
75,828480
76,643840
80,720640
81,536000
81,536000
78,274560
74,197760
67,674880
59,521280
51,367680
53,514240
50,319360
47,923200
47,124470
47,124470
47,923200
59,105280
68,689920
75,878400
76,677120
76,677120
75,878400
75,878400
75,878400
74,280950
75,079670
79,073270
79,871990
79,871990
76,677120
72,683520
66,293750
58,306560
50,319360
52,399360
49,271040
46,924800
46,142720
46,142720
46,924800
57,873920
67,258880
74,297600
75,079670
75,079670
74,297600
74,297600
74,297600
72,733440
73,515520
77,425920
78,208000
78,208000
75,079670
71,169280
64,912640
57,091840
49,271040
49,969910
46,126080
43,563520
42,282240
41,000960
41,641600
42,282240
44,844800
51,251200
56,376320
57,657600
58,298240
57,657600
56,376320
55,735680
55,735680
58,298240
64,064000
63,423360
62,142080
60,220160
58,938880
55,735680
51,891840
48,672000
44,928000
42,432000
41,184000
39,936000
40,560000
41,184000
43,680000
49,920000
54,912000
56,160000
56,784000
56,160000
54,912000
54,288000
54,288000
56,784000
62,400000
61,776000
60,528000
58,656000
57,408000
54,288000
50,544000
50,221860
47,223540
44,974800
44,225220
44,225220
44,974800
55,468920
64,463880
71,210100
71,959680
71,959680
71,210100
71,210100
71,210100
69,710940
70,460520
74,208420
74,958000
74,958000
71,959680
68,211780
62,215140
54,719340
47,223540
54,002000
50,778000
48,360000
47,554000
47,554000
48,360000
59,644000
69,316000
76,570000
77,376000
77,376000
76,570000
76,570000
76,570000
74,958000
75,764000
79,794000
80,600000
80,600000
77,376000
73,346000
66,897990
58,838000
50,778000
52,921960
49,762440
47,392800
46,602920
46,602920
47,392800
58,451120
67,929680
75,038600
75,828480
75,828480
75,038600
75,038600
75,038600
73,458840
74,248720
78,198120
78,988000
78,988000
75,828480
71,879080
65,560040
57,661240
49,762440
51,841920
48,746880
46,425600
45,651840
45,651840
46,425600
57,258240
66,543360
73,507190
74,280950
74,280950
73,507190
73,507190
73,507190
71,959680
72,733440
76,602230
77,376000
77,376000
74,280950
70,412160
64,222080
56,484480
48,746880
50,761880
47,731320
45,458400
44,700760
44,700760
45,458400
56,065360
65,157040
71,975800
72,733440
72,733440
71,975800
71,975800
71,975800
70,460520
71,218150
75,006360
75,764000
75,764000
72,733440
68,945240
62,884120
55,307720
47,731320
48,408360
44,684640
42,202160
40,960920
39,719680
40,340300
40,960920
43,443400
49,649600
54,614560
55,855800
56,476420
55,855800
54,614560
53,993940
53,993940
56,476420
62,062000
61,441380
60,200140
58,338280
57,097040
53,993940
50,270220
47,151000
43,524000
41,106000
39,897000
38,688000
39,292500
39,897000
42,315000
48,360000
53,196000
54,405000
55,009500
54,405000
53,196000
52,591500
52,591500
55,009500
60,450000
59,845500
58,636500
56,823000
55,614000
52,591500
48,964500
43,356600
42,668400
41,292000
39,915600
40,603800
44,733000
49,550400
58,497000
65,379000
68,131800
68,820000
68,131800
64,002600
63,314400
61,938000
60,561600
61,938000
63,314400
66,067200
67,443600
66,067200
61,938000
55,056000
48,174000
46,620000
45,880000
44,400000
42,920000
43,660000
48,100000
53,280000
62,900000
70,300000
73,260000
74,000000
73,260000
68,820000
68,080000
66,600000
65,120000
66,600000
68,080000
71,040000
72,520000
71,040000
66,600000
59,200000
51,800000
45,687600
44,962400
43,512000
42,061600
42,786800
47,138000
52,214400
61,642000
68,894000
71,794800
72,520000
71,794800
67,443600
66,718400
65,268000
63,817600
65,268000
66,718400
69,619200
71,069600
69,619200
65,268000
58,016000
50,764000
44,755200
44,044800
42,624000
41,203200
41,913600
46,176000
51,148800
60,384000
67,488000
70,329600
71,040000
70,329600
66,067200
65,356800
63,936000
62,515200
63,936000
65,356800
68,198390
69,619200
68,198390
63,936000
56,832000
49,728000
43,822800
43,127200
41,736000
40,344800
41,040400
45,214000
50,083200
59,126000
66,082000
68,864400
69,560000
68,864400
64,690800
63,995200
62,604000
61,212800
62,604000
63,995200
66,777600
68,168800
66,777600
62,604000
55,648000
48,692000
42,735000
41,595400
39,316200
37,606800
37,037000
37,037000
38,746400
42,165200
47,293400
50,712200
52,421600
53,561200
51,851800
51,282000
51,282000
49,002800
48,433000
50,142400
52,421600
56,980000
55,270600
54,131000
51,282000
48,433000
41,625000
40,515000
38,295000
36,630000
36,075000
36,075000
37,740000
41,070000
46,065000
49,395000
51,060000
52,170000
50,505000
49,950000
49,950000
47,730000
47,175000
48,840000
51,060000
55,500000
53,835000
52,725000
49,950000
47,175000
43,180830
42,495420
41,124600
39,753780
40,439190
44,551650
49,349520
58,259850
65,113950
67,855590
68,541000
67,855590
63,743130
63,057720
61,686900
60,316080
61,686900
63,057720
65,799350
67,170180
65,799350
61,686900
54,832800
47,978700
46,431000
45,694000
44,220000
42,746000
43,483000
47,904990
53,064000
62,645000
70,015000
72,963000
73,700000
72,963000
68,541000
67,804000
66,329990
64,856000
66,329990
67,804000
70,752000
72,226000
70,752000
66,329990
58,960000
51,590000
45,502380
44,780120
43,335600
41,891080
42,613340
46,946900
52,002720
61,392100
68,614700
71,503740
72,226000
71,503740
67,170180
66,447920
65,003400
63,558880
65,003400
66,447920
69,336960
70,781480
69,336960
65,003400
57,780800
50,558200
44,573760
43,866240
42,451200
41,036160
41,743680
45,988800
50,941440
60,139200
67,214390
70,044480
70,752000
70,044480
65,799350
65,091840
63,676800
62,261760
63,676800
65,091840
67,921910
69,336960
67,921910
63,676800
56,601600
49,526400
43,645140
42,952360
41,566800
40,181240
40,874020
45,030700
49,880160
58,886300
65,814090
68,585220
69,278000
68,585220
64,428540
63,735760
62,350200
60,964640
62,350200
63,735760
66,506870
67,892440
66,506870
62,350200
55,422400
48,494600
42,561750
41,426770
39,156810
37,454340
36,886840
36,886840
38,589320
41,994260
47,101670
50,506610
52,209080
53,344060
51,641590
51,074100
51,074100
48,804140
48,236650
49,939120
52,209080
56,749000
55,046530
53,911540
51,074100
48,236650
41,456250
40,350750
38,139750
36,481500
35,928750
35,928750
37,587000
40,903500
45,878250
49,194750
50,853000
51,958500
50,300250
49,747500
49,747500
47,536500
46,983750
48,642000
50,853000
55,275000
53,616750
52,511250
49,747500
46,983750
41,891850
41,226900
39,897000
38,567100
39,232050
43,221750
47,876400
56,520750
63,170250
65,830050
66,495000
65,830050
61,840350
61,175400
59,845500
58,515600
59,845500
61,175400
63,835200
65,165100
63,835200
59,845500
53,196000
46,546500
45,045000
44,330000
42,900000
41,470000
42,185000
46,475000
51,480000
60,775000
67,925000
70,785000
71,500000
70,785000
66,495000
65,780000
64,350000
62,920000
64,350000
65,780000
68,640000
70,070000
68,640000
64,350000
57,200000
50,050000
44,144100
43,443400
42,042000
40,640600
41,341300
45,545500
50,450400
59,559500
66,566500
69,369300
70,070000
69,369300
65,165100
64,464400
63,063000
61,661600
63,063000
64,464400
67,267200
68,668600
67,267200
63,063000
56,056000
49,049000
43,243200
42,556800
41,184000
39,811200
40,497600
44,616000
49,420800
58,344000
65,208000
67,953600
68,640000
67,953600
63,835200
63,148800
61,776000
60,403200
61,776000
63,148800
65,894390
67,267200
65,894390
61,776000
54,912000
48,048000
42,342300
41,670200
40,326000
38,981800
39,653900
43,686500
48,391200
57,128500
63,849500
66,537900
67,210000
66,537900
62,505300
61,833200
60,489000
59,144800
60,489000
61,833200
64,521600
65,865800
64,521600
60,489000
53,768000
47,047000
41,291250
40,190150
37,987950
36,336300
35,785750
35,785750
37,437400
40,740700
45,695650
48,998950
50,650600
51,751700
50,100050
49,549500
49,549500
47,347300
46,796750
48,448400
50,650600
55,055000
53,403350
52,302250
49,549500
46,796750
40,218750
39,146250
37,001250
35,392500
34,856250
34,856250
36,465000
39,682500
44,508750
47,726250
49,335000
50,407500
48,798750
48,262500
48,262500
46,117500
45,581250
47,190000
49,335000
53,625000
52,016250
50,943750
48,262500
45,581250
42,594930
41,918820
40,566600
39,214380
39,890490
43,947150
48,679920
57,469350
64,230450
66,934890
67,611000
66,934890
62,878230
62,202120
60,849900
59,497680
60,849900
62,202120
64,906560
66,258780
64,906560
60,849900
54,088800
47,327700
45,801000
45,074000
43,620000
42,166000
42,893000
47,255000
52,344000
61,795000
69,064990
71,973000
72,700000
71,973000
67,611000
66,884000
65,429990
63,976000
65,429990
66,884000
69,791990
71,246000
69,791990
65,429990
58,160000
50,890000
44,884980
44,172520
42,747600
41,322680
42,035140
46,309900
51,297120
60,559100
67,683700
70,533540
71,246000
70,533540
66,258780
65,546320
64,121400
62,696480
64,121400
65,546320
68,396160
69,821080
68,396160
64,121400
56,996800
49,872200
43,968960
43,271040
41,875200
40,479350
41,177280
45,364800
50,250240
59,323200
66,302400
69,094080
69,791990
69,094080
64,906560
64,208630
62,812790
61,416950
62,812790
64,208630
67,000310
68,396160
67,000310
62,812790
55,833600
48,854400
43,052940
42,369560
41,002800
39,636040
40,319420
44,419700
49,203360
58,087300
64,921100
67,654620
68,338000
67,654620
63,554340
62,870960
61,504200
60,137440
61,504200
62,870960
65,604480
66,971240
65,604480
61,504200
54,670400
47,836600
41,984250
40,864670
38,625510
36,946140
36,386340
36,386340
38,065720
41,424460
46,462570
49,821300
51,500680
52,620250
50,940890
50,381100
50,381100
48,141940
47,582150
49,261520
51,500680
55,979000
54,299630
53,180050
50,381100
47,582150
40,893750
39,803250
37,622250
35,986500
35,441250
35,441250
37,077000
40,348500
45,255750
48,527250
50,163000
51,253500
49,617750
49,072500
49,072500
46,891500
46,346250
47,982000
50,163000
54,525000
52,889250
51,798750
49,072500
46,346250
41,247360
40,592640
39,283200
37,973760
38,628480
42,556800
47,139840
55,651200
62,198400
64,817280
65,472000
64,817280
60,888960
60,234240
58,924800
57,615360
58,924800
60,234240
62,853120
64,162560
62,853120
58,924800
52,377600
45,830400
44,352000
43,648000
42,240000
40,832000
41,536000
45,760000
50,688000
59,840000
66,880000
69,696000
70,400000
69,696000
65,472000
64,768010
63,360000
61,952000
63,360000
64,768010
67,584000
68,992000
67,584000
63,360000
56,320000
49,280000
43,464960
42,775040
41,395200
40,015360
40,705280
44,844800
49,674240
58,643200
65,542400
68,302090
68,992000
68,302090
64,162560
63,472640
62,092800
60,712960
62,092800
63,472640
66,232320
67,612170
66,232320
62,092800
55,193600
48,294400
42,577920
41,902080
40,550400
39,198720
39,874560
43,929600
48,660480
57,446400
64,204800
66,908160
67,584000
66,908160
62,853120
62,177280
60,825600
59,473920
60,825600
62,177280
64,880640
66,232320
64,880640
60,825600
54,067200
47,308800
41,690880
41,029120
39,705600
38,382080
39,043840
43,014400
47,646720
56,249600
62,867200
65,514240
66,176000
65,514240
61,543680
60,881920
59,558400
58,234880
59,558400
60,881920
63,528960
64,852490
63,528960
59,558400
52,940800
46,323200
40,656000
39,571840
37,403520
35,777280
35,235200
35,235200
36,861440
40,113920
44,992640
48,245120
49,871360
50,955520
49,329280
48,787200
48,787200
46,618880
46,076800
47,703040
49,871360
54,208000
52,581760
51,497600
48,787200
46,076800
39,600000
38,544000
36,432000
34,848000
34,320000
34,320000
35,904000
39,072000
43,824000
46,992000
48,576000
49,632000
48,048000
47,520000
47,520000
45,408000
44,880000
46,464000
48,576000
52,800000
51,216000
50,160000
47,520000
44,880000
43,942500
43,245000
41,850000
40,455000
41,152500
45,337500
50,220000
59,287500
66,262500
69,052500
69,750000
69,052500
64,867500
64,170000
62,775000
61,380000
62,775000
64,170000
66,960000
68,355000
66,960000
62,775000
55,800000
48,825000
47,250000
46,500000
45,000000
43,500000
44,250000
48,750000
54,000000
63,750000
71,250000
74,250000
75,000000
74,250000
69,750000
69,000000
67,500000
66,000000
67,500000
69,000000
72,000000
73,500000
72,000000
67,500000
60,000000
52,500000
46,305000
45,570000
44,100000
42,630000
43,365000
47,775000
52,920000
62,475000
69,825000
72,765000
73,500000
72,765000
68,355000
67,620000
66,150000
64,680000
66,150000
67,620000
70,560000
72,030010
70,560000
66,150000
58,800000
51,450000
45,360000
44,640000
43,200000
41,760000
42,480000
46,800000
51,840000
61,200000
68,399990
71,280000
72,000000
71,280000
66,960000
66,240000
64,800000
63,360000
64,800000
66,240000
69,120000
70,560000
69,120000
64,800000
57,600000
50,400000
44,415000
43,710000
42,300000
40,890000
41,595000
45,825000
50,760000
59,925000
66,975000
69,795000
70,500000
69,795000
65,565000
64,860000
63,450000
62,040000
63,450000
64,860000
67,680000
69,090000
67,680000
63,450000
56,400000
49,350000
43,312500
42,157500
39,847500
38,115000
37,537500
37,537500
39,270000
42,735000
47,932500
51,397500
53,130000
54,285000
52,552500
51,975000
51,975000
49,665000
49,087500
50,820000
53,130000
57,750000
56,017500
54,862500
51,975000
49,087500
42,187500
41,062500
38,812500
37,125000
36,562500
36,562500
38,250000
41,625000
46,687500
50,062500
51,750000
52,875000
51,187500
50,625000
50,625000
48,375000
47,812500
49,500000
51,750000
56,250000
54,562500
53,437500
50,625000
47,812500
42,243390
41,572860
40,231800
38,890740
39,561270
43,584450
48,278160
56,995050
63,700350
66,382470
67,053000
66,382470
62,359290
61,688760
60,347700
59,006640
60,347700
61,688760
64,370880
65,711940
64,370880
60,347700
53,642400
46,937100
45,423000
44,702000
43,260000
41,818000
42,539000
46,865000
51,912000
61,285000
68,495000
71,379000
72,100000
71,379000
67,053000
66,332000
64,890000
63,448000
64,890000
66,332000
69,216000
70,658000
69,216000
64,890000
57,680000
50,470000
44,514540
43,807960
42,394800
40,981640
41,688220
45,927700
50,873760
60,059300
67,125100
69,951420
70,658000
69,951420
65,711940
65,005360
63,592200
62,179040
63,592200
65,005360
67,831680
69,244840
67,831680
63,592200
56,526400
49,460600
43,606080
42,913920
41,529600
40,145280
40,837440
44,990390
49,835520
58,833600
65,755200
68,523830
69,216000
68,523830
64,370880
63,678720
62,294400
60,910080
62,294400
63,678720
66,447360
67,831680
66,447360
62,294400
55,372800
48,451200
42,697620
42,019880
40,664400
39,308920
39,986660
44,053100
48,797280
57,607900
64,385300
67,096260
67,774000
67,096260
63,029820
62,352080
60,996600
59,641120
60,996600
62,352080
65,063030
66,418520
65,063030
60,996600
54,219200
47,441800
41,637750
40,527410
38,306730
36,641220
36,086050
36,086050
37,751560
41,082580
46,079110
49,410130
51,075640
52,185980
50,520470
49,965300
49,965300
47,744620
47,189450
48,854960
51,075640
55,517000
53,851490
52,741150
49,965300
47,189450
40,556250
39,474750
37,311750
35,689500
35,148750
35,148750
36,771000
40,015500
44,882250
48,126750
49,749000
50,830500
49,208250
48,667500
48,667500
46,504500
45,963750
47,586000
49,749000
54,075000
52,452750
51,371250
48,667500
45,963750
46,872000
46,128000
44,640000
43,152000
43,896000
48,360000
53,568000
63,240000
70,680000
73,656000
74,400000
73,656000
69,192000
68,448000
66,960000
65,472000
66,960000
68,448000
71,424000
72,912000
71,424000
66,960000
59,520000
52,080000
50,400000
49,600000
48,000000
46,400000
47,200000
52,000000
57,600000
68,000000
76,000000
79,200000
80,000000
79,200000
74,400000
73,600000
72,000000
70,400000
72,000000
73,600000
76,800000
78,400000
76,800000
72,000000
64,000000
56,000000
49,392000
48,608000
47,040000
45,472000
46,256000
50,960000
56,448000
66,640000
74,480000
77,616000
78,400000
77,616000
72,912000
72,128010
70,560000
68,992000
70,560000
72,128010
75,264000
76,832000
75,264000
70,560000
62,720000
54,880000
48,384000
47,616000
46,080000
44,544000
45,312000
49,920000
55,296000
65,280000
72,960000
76,032000
76,800000
76,032000
71,424000
70,656000
69,120000
67,584000
69,120000
70,656000
73,728000
75,264000
73,728000
69,120000
61,440000
53,760000
47,376000
46,624000
45,120000
43,616000
44,368000
48,880000
54,144000
63,920000
71,440000
74,448000
75,200000
74,448000
69,936000
69,184000
67,680000
66,176000
67,680000
69,184000
72,192000
73,696000
72,192000
67,680000
60,160000
52,640000
46,200000
44,968000
42,504000
40,656000
40,040000
40,040000
41,888000
45,584000
51,128000
54,824000
56,672000
57,904000
56,056000
55,440000
55,440000
52,976000
52,360000
54,208000
56,672000
61,600000
59,752000
58,520000
55,440000
52,360000
45,000000
43,800000
41,400000
39,600000
39,000000
39,000000
40,800000
44,400000
49,800000
53,400000
55,200000
56,400000
54,600000
54,000000
54,000000
51,600000
51,000000
52,800000
55,200000
60,000000
58,200000
57,000000
54,000000
51,000000
44,176860
43,475640
42,073200
40,670760
41,371980
45,579300
50,487840
59,603700
66,615900
69,420780
70,122000
69,420780
65,213460
64,512250
63,109800
61,707360
63,109800
64,512250
67,317120
68,719570
67,317120
63,109800
56,097600
49,085400
47,502000
46,748000
45,240000
43,732000
44,486000
49,010000
54,288000
64,090000
71,630000
74,646000
75,400000
74,646000
70,122000
69,368000
67,860000
66,352000
67,860000
69,368000
72,384000
73,892010
72,384000
67,860000
60,320000
52,780000
46,551960
45,813040
44,335210
42,857360
43,596280
48,029800
53,202240
62,808200
70,197400
73,153080
73,892010
73,153080
68,719570
67,980640
66,502800
65,024960
66,502800
67,980640
70,936320
72,414160
70,936320
66,502800
59,113600
51,724400
45,601920
44,878080
43,430400
41,982720
42,706560
47,049600
52,116480
61,526400
68,764800
71,660160
72,384000
71,660160
67,317120
66,593280
65,145600
63,697920
65,145600
66,593280
69,488640
70,936320
69,488640
65,145600
57,907200
50,668800
44,651880
43,943120
42,525600
41,108080
41,816840
46,069400
51,030720
60,244600
67,332200
70,167240
70,876000
70,167240
65,914680
65,205920
63,788400
62,370880
63,788400
65,205920
68,040960
69,458480
68,040960
63,788400
56,700800
49,613200
43,543500
42,382340
40,060020
38,318280
37,737700
37,737700
39,479440
42,962920
48,188140
51,671620
53,413360
54,574520
52,832780
52,252200
52,252200
49,929880
49,349300
51,091040
53,413360
58,058000
56,316260
55,155100
52,252200
49,349300
42,412500
41,281500
39,019500
37,323000
36,757500
36,757500
38,454000
41,847000
46,936500
50,329500
52,026000
53,157000
51,460500
50,895000
50,895000
48,633000
48,067500
49,764000
52,026000
56,550000
54,853500
53,722500
50,895000
48,067500
49,818240
46,704600
45,147780
43,590960
43,590960
45,147780
49,818240
59,159160
67,721670
73,948940
77,062590
77,841000
77,062590
77,841000
77,841000
75,505770
74,727360
74,727360
72,392130
71,613720
71,613720
72,392130
67,721670
56,045520
53,568000
50,220000
48,546000
46,872000
46,872000
48,546000
53,568000
63,612000
72,819000
79,515000
82,863000
83,700000
82,863000
83,700000
83,700000
81,189000
80,352000
80,352000
77,841000
77,004000
77,004000
77,841000
72,819000
60,264000
52,496640
49,215600
47,575080
45,934560
45,934560
47,575080
52,496640
62,339760
71,362620
77,924700
81,205740
82,026000
81,205740
82,026000
82,026000
79,565220
78,744960
78,744960
76,284180
75,463920
75,463920
76,284180
71,362620
59,058720
51,425280
48,211200
46,604160
44,997120
44,997120
46,604160
51,425280
61,067520
69,906230
76,334400
79,548480
80,352000
79,548480
80,352000
80,352000
77,941440
77,137920
77,137920
74,727360
73,923840
73,923840
74,727360
69,906230
57,853440
50,353920
47,206800
45,633240
44,059680
44,059680
45,633240
50,353920
59,795280
68,449860
74,744090
77,891220
78,677990
77,891220
78,677990
78,677990
76,317660
75,530880
75,530880
73,170540
72,383760
72,383760
73,170540
68,449860
56,648160
47,692260
45,114300
42,536340
41,891850
41,247360
39,958380
39,958380
42,536340
52,203690
55,426140
58,648590
59,937570
59,937570
59,293080
58,648590
58,648590
59,293080
60,582060
61,226550
61,226550
64,449000
59,937570
56,715110
51,559200
46,453500
43,942500
41,431500
40,803750
40,176000
38,920500
38,920500
41,431500
50,847750
53,986500
57,125250
58,380750
58,380750
57,753000
57,125250
57,125250
57,753000
59,008500
59,636250
59,636250
62,775000
58,380750
55,242000
50,220000
51,782400
48,546000
46,927800
45,309600
45,309600
46,927800
51,782400
61,491600
70,391700
76,864500
80,100900
80,910000
80,100900
80,910000
80,910000
78,482700
77,673600
77,673600
75,246300
74,437200
74,437200
75,246300
70,391700
58,255200
55,680000
52,200000
50,460000
48,720000
48,720000
50,460000
55,680000
66,120000
75,690000
82,650000
86,130000
87,000000
86,130000
87,000000
87,000000
84,390000
83,520000
83,520000
80,910000
80,040000
80,040000
80,910000
75,690000
62,640000
54,566400
51,156000
49,450800
47,745600
47,745600
49,450800
54,566400
64,797600
74,176200
80,997000
84,407400
85,260000
84,407400
85,260000
85,260000
82,702200
81,849600
81,849600
79,291800
78,439200
78,439200
79,291800
74,176200
61,387200
53,452800
50,112000
48,441600
46,771200
46,771200
48,441600
53,452800
63,475200
72,662400
79,343990
82,684800
83,520000
82,684800
83,520000
83,520000
81,014400
80,179200
80,179200
77,673600
76,838400
76,838400
77,673600
72,662400
60,134400
52,339200
49,068000
47,432400
45,796800
45,796800
47,432400
52,339200
62,152800
71,148600
77,691000
80,962200
81,780000
80,962200
81,780000
81,780000
79,326600
78,508800
78,508800
76,055400
75,237600
75,237600
76,055400
71,148600
58,881600
49,572600
46,893000
44,213400
43,543500
42,873600
41,533800
41,533800
44,213400
54,261900
57,611400
60,960900
62,300700
62,300700
61,630800
60,960900
60,960900
61,630800
62,970600
63,640500
63,640500
66,990000
62,300700
58,951200
53,592000
48,285000
45,675000
43,065000
42,412500
41,760000
40,455000
40,455000
43,065000
52,852500
56,115000
59,377500
60,682500
60,682500
60,030000
59,377500
59,377500
60,030000
61,335000
61,987500
61,987500
65,250000
60,682500
57,420000
52,200000
52,377600
49,104000
47,467200
45,830400
45,830400
47,467200
52,377600
62,198400
71,200800
77,748000
81,021600
81,840000
81,021600
81,840000
81,840000
79,384800
78,566400
78,566400
76,111200
75,292800
75,292800
76,111200
71,200800
58,924800
56,320000
52,800000
51,040000
49,280000
49,280000
51,040000
56,320000
66,880000
76,560000
83,600000
87,120000
88,000000
87,120000
88,000000
88,000000
85,360000
84,480000
84,480000
81,840000
80,960000
80,960000
81,840000
76,560000
63,360000
55,193600
51,744000
50,019200
48,294400
48,294400
50,019200
55,193600
65,542400
75,028800
81,928000
85,377600
86,240010
85,377600
86,240010
86,240010
83,652800
82,790400
82,790400
80,203200
79,340810
79,340810
80,203200
75,028800
62,092800
54,067200
50,688000
48,998400
47,308800
47,308800
48,998400
54,067200
64,204800
73,497600
80,256000
83,635200
84,480000
83,635200
84,480000
84,480000
81,945600
81,100800
81,100800
78,566400
77,721600
77,721600
78,566400
73,497600
60,825600
52,940800
49,632000
47,977600
46,323200
46,323200
47,977600
52,940800
62,867200
71,966400
78,584000
81,892800
82,720000
81,892800
82,720000
82,720000
80,238400
79,411200
79,411200
76,929600
76,102400
76,102400
76,929600
71,966400
59,558400
50,142400
47,432000
44,721600
44,044000
43,366400
42,011200
42,011200
44,721600
54,885600
58,273600
61,661600
63,016800
63,016800
62,339200
61,661600
61,661600
62,339200
63,694400
64,371990
64,371990
67,759990
63,016800
59,628800
54,208000
48,840000
46,200000
43,560000
42,900000
42,240000
40,920000
40,920000
43,560000
53,460000
56,760000
60,060000
61,380000
61,380000
60,720000
60,060000
60,060000
60,720000
62,040000
62,700000
62,700000
66,000000
61,380000
58,080000
52,800000
50,949120
47,764800
46,172640
44,580480
44,580480
46,172640
50,949120
60,502080
69,258960
75,627600
78,811920
79,608000
78,811920
79,608000
79,608000
77,219760
76,423680
76,423680
74,035440
73,239360
73,239360
74,035440
69,258960
57,317760
54,784000
51,360000
49,648000
47,936000
47,936000
49,648000
54,784000
65,056000
74,472000
81,320000
84,744000
85,600000
84,744000
85,600000
85,600000
83,032000
82,175990
82,175990
79,608000
78,752000
78,752000
79,608000
74,472000
61,632000
53,688320
50,332800
48,655040
46,977280
46,977280
48,655040
53,688320
63,754880
72,982560
79,693600
83,049120
83,888000
83,049120
83,888000
83,888000
81,371360
80,532480
80,532480
78,015840
77,176960
77,176960
78,015840
72,982560
60,399360
52,592640
49,305600
47,662080
46,018560
46,018560
47,662080
52,592640
62,453760
71,493120
78,067190
81,354240
82,175990
81,354240
82,175990
82,175990
79,710720
78,888950
78,888950
76,423680
75,601920
75,601920
76,423680
71,493120
59,166720
51,496960
48,278400
46,669120
45,059840
45,059840
46,669120
51,496960
61,152640
70,003680
76,440800
79,659360
80,464000
79,659360
80,464000
80,464000
78,050080
77,245440
77,245440
74,831520
74,026880
74,026880
74,831520
70,003680
57,934080
48,774880
46,138400
43,501920
42,842800
42,183680
40,865440
40,865440
43,501920
53,388720
56,684320
59,979920
61,298160
61,298160
60,639040
59,979920
59,979920
60,639040
61,957280
62,616400
62,616400
65,911990
61,298160
58,002560
52,729600
47,508000
44,940000
42,372000
41,730000
41,088000
39,804000
39,804000
42,372000
52,002000
55,212000
58,422000
59,706000
59,706000
59,064000
58,422000
58,422000
59,064000
60,348000
60,990000
60,990000
64,200000
59,706000
56,496000
51,360000
48,270720
45,253800
43,745340
42,236880
42,236880
43,745340
48,270720
57,321480
65,618010
71,651850
74,668770
75,423000
74,668770
75,423000
75,423000
73,160310
72,406070
72,406070
70,143390
69,389160
69,389160
70,143390
65,618010
54,304560
51,904000
48,660000
47,038000
45,416000
45,416000
47,038000
51,904000
61,636000
70,557000
77,045000
80,289000
81,100000
80,289000
81,100000
81,100000
78,667000
77,856000
77,856000
75,423000
74,612000
74,612000
75,423000
70,557000
58,392000
50,865920
47,686800
46,097240
44,507680
44,507680
46,097240
50,865920
60,403280
69,145860
75,504100
78,683220
79,478000
78,683220
79,478000
79,478000
77,093670
76,298880
76,298880
73,914540
73,119760
73,119760
73,914540
69,145860
57,224160
49,827840
46,713600
45,156480
43,599360
43,599360
45,156480
49,827840
59,170560
67,734720
73,963200
77,077440
77,856000
77,077440
77,856000
77,856000
75,520320
74,741750
74,741750
72,406070
71,627520
71,627520
72,406070
67,734720
56,056320
48,789760
45,740400
44,215720
42,691040
42,691040
44,215720
48,789760
57,937840
66,323580
72,422290
75,471660
76,234000
75,471660
76,234000
76,234000
73,946980
73,184640
73,184640
70,897620
70,135280
70,135280
70,897620
66,323580
54,888480
46,210780
43,712900
41,215020
40,590550
39,966080
38,717140
38,717140
41,215020
50,582070
53,704420
56,826770
58,075710
58,075710
57,451240
56,826770
56,826770
57,451240
58,700180
59,324650
59,324650
62,447000
58,075710
54,953360
49,957600
45,010500
42,577500
40,144500
39,536250
38,928000
37,711500
37,711500
40,144500
49,268250
52,309500
55,350750
56,567250
56,567250
55,959000
55,350750
55,350750
55,959000
57,175500
57,783750
57,783750
60,825000
56,567250
53,526000
48,660000
53,568000
50,220000
48,546000
46,872000
46,872000
48,546000
53,568000
63,612000
72,819000
79,515000
82,863000
83,700000
82,863000
83,700000
83,700000
81,189000
80,352000
80,352000
77,841000
77,004010
77,004010
77,841000
72,819000
60,264000
57,600000
54,000000
52,200000
50,400000
50,400000
52,200000
57,600000
68,400000
78,300000
85,500000
89,100000
90,000000
89,100000
90,000000
90,000000
87,300000
86,400000
86,400000
83,700000
82,800000
82,800000
83,700000
78,300000
64,800000
56,448000
52,920000
51,156000
49,392000
49,392000
51,156000
56,448000
67,032000
76,734000
83,790000
87,318000
88,200000
87,318000
88,200000
88,200000
85,554000
84,672000
84,672000
82,026000
81,144000
81,144000
82,026000
76,734000
63,504010
55,296000
51,840000
50,112000
48,384000
48,384000
50,112000
55,296000
65,664000
75,168000
82,079990
85,536000
86,400000
85,536000
86,400000
86,400000
83,808000
82,943990
82,943990
80,352000
79,488000
79,488000
80,352000
75,168000
62,208000
54,144000
50,760000
49,068000
47,376000
47,376000
49,068000
54,144000
64,296000
73,602000
80,370000
83,754000
84,600000
83,754000
84,600000
84,600000
82,062000
81,216000
81,216000
78,678000
77,832000
77,832000
78,678000
73,602000
60,912000
51,282000
48,510000
45,738000
45,045000
44,352000
42,966000
42,966000
45,738000
56,133000
59,598000
63,063000
64,449000
64,449000
63,756000
63,063000
63,063000
63,756000
65,142000
65,835000
65,835000
69,300000
64,449000
60,984000
55,440000
49,950000
47,250000
44,550000
43,875000
43,200000
41,850000
41,850000
44,550000
54,675000
58,050000
61,425000
62,775000
62,775000
62,100000
61,425000
61,425000
62,100000
63,450000
64,125000
64,125000
67,500000
62,775000
59,400000
54,000000
52,794240
49,494600
47,844780
46,194960
46,194960
47,844780
52,794240
62,693160
71,767170
78,366450
81,666090
82,491000
81,666090
82,491000
82,491000
80,016270
79,191350
79,191350
76,716630
75,891720
75,891720
76,716630
71,767170
59,393520
56,768000
53,220000
51,446000
49,672000
49,672000
51,446000
56,768000
67,411990
77,169000
84,265000
87,813000
88,700000
87,813000
88,700000
88,700000
86,039000
85,151990
85,151990
82,491000
81,604000
81,604000
82,491000
77,169000
63,864000
55,632640
52,155600
50,417080
48,678560
48,678560
50,417080
55,632640
66,063760
75,625620
82,579700
86,056740
86,926000
86,056740
86,926000
86,926000
84,318220
83,448960
83,448960
80,841180
79,971920
79,971920
80,841180
75,625620
62,586720
54,497280
51,091200
49,388160
47,685120
47,685120
49,388160
54,497280
64,715520
74,082240
80,894390
84,300480
85,151990
84,300480
85,151990
85,151990
82,597430
81,745910
81,745910
79,191350
78,339840
78,339840
79,191350
74,082240
61,309440
53,361920
50,026800
48,359240
46,691680
46,691680
48,359240
53,361920
63,367280
72,538860
79,209100
82,544220
83,378000
82,544220
83,378000
83,378000
80,876660
80,042880
80,042880
77,541530
76,707760
76,707760
77,541530
72,538860
60,032160
50,541260
47,809300
45,077340
44,394340
43,711360
42,345380
42,345380
45,077340
55,322190
58,737140
62,152090
63,518070
63,518070
62,835080
62,152090
62,152090
62,835080
64,201060
64,884050
64,884050
68,299000
63,518070
60,103120
54,639200
49,228500
46,567500
43,906500
43,241250
42,576000
41,245500
41,245500
43,906500
53,885250
57,211500
60,537750
61,868250
61,868250
61,203000
60,537750
60,537750
61,203000
62,533500
63,198750
63,198750
66,524990
61,868250
58,542000
53,220000
53,329920
49,996800
48,330240
46,663680
46,663680
48,330240
53,329920
63,329280
72,495360
79,161600
82,494720
83,328000
82,494720
83,328000
83,328000
80,828160
79,994880
79,994880
77,495040
76,661760
76,661760
77,495040
72,495360
59,996160
57,344000
53,760000
51,968000
50,176000
50,176000
51,968000
57,344000
68,096000
77,952000
85,120000
88,704000
89,600000
88,704000
89,600000
89,600000
86,912000
86,016000
86,016000
83,328000
82,432000
82,432000
83,328000
77,952000
64,512000
56,197120
52,684800
50,928640
49,172480
49,172480
50,928640
56,197120
66,734080
76,392960
83,417600
86,929920
87,808000
86,929920
87,808000
87,808000
85,173760
84,295680
84,295680
81,661440
80,783360
80,783360
81,661440
76,392960
63,221760
55,050240
51,609600
49,889280
48,168960
48,168960
49,889280
55,050240
65,372150
74,833920
81,715190
85,155840
86,016000
85,155840
86,016000
86,016000
83,435520
82,575360
82,575360
79,994880
79,134720
79,134720
79,994880
74,833920
61,931520
53,903360
50,534400
48,849920
47,165440
47,165440
48,849920
53,903360
64,010240
73,274880
80,012790
83,381760
84,224000
83,381760
84,224000
84,224000
81,697280
80,855030
80,855030
78,328320
77,486080
77,486080
78,328320
73,274880
60,641280
51,054080
48,294400
45,534720
44,844800
44,154880
42,775040
42,775040
45,534720
55,883520
59,333120
62,782720
64,162560
64,162560
63,472640
62,782720
62,782720
63,472640
64,852480
65,542400
65,542400
68,992000
64,162560
60,712960
55,193600
49,728000
47,040000
44,352000
43,680000
43,008000
41,664000
41,664000
44,352000
54,432000
57,792000
61,152000
62,496000
62,496000
61,824000
61,152000
61,152000
61,824000
63,168000
63,840000
63,840000
67,200000
62,496000
59,136000
53,760000
51,246720
48,043800
46,442340
44,840880
44,840880
46,442340
51,246720
60,855480
69,663510
76,069350
79,272270
80,073000
79,272270
80,073000
80,073000
77,670810
76,870080
76,870080
74,467890
73,667160
73,667160
74,467890
69,663510
57,652560
55,104000
51,660000
49,938000
48,216000
48,216000
49,938000
55,104000
65,436000
74,907000
81,795000
85,239000
86,100000
85,239000
86,100000
86,100000
83,517000
82,656000
82,656000
80,073000
79,212000
79,212000
80,073000
74,907000
61,992000
54,001920
50,626800
48,939240
47,251680
47,251680
48,939240
54,001920
64,127280
73,408860
80,159100
83,534220
84,378000
83,534220
84,378000
84,378000
81,846660
81,002880
81,002880
78,471540
77,627760
77,627760
78,471540
73,408860
60,752160
52,899840
49,593600
47,940480
46,287360
46,287360
47,940480
52,899840
62,818560
71,910720
78,523190
81,829440
82,656000
81,829440
82,656000
82,656000
80,176320
79,349750
79,349750
76,870080
76,043520
76,043520
76,870080
71,910720
59,512320
51,797760
48,560400
46,941720
45,323040
45,323040
46,941720
51,797760
61,509840
70,412580
76,887300
80,124660
80,934000
80,124660
80,934000
80,934000
78,505980
77,696640
77,696640
75,268620
74,459280
74,459280
75,268620
70,412580
58,272480
49,059780
46,407900
43,756020
43,093050
42,430080
41,104140
41,104140
43,756020
53,700570
57,015420
60,330270
61,656210
61,656210
60,993240
60,330270
60,330270
60,993240
62,319180
62,982150
62,982150
66,297000
61,656210
58,341360
53,037600
47,785500
45,202500
42,619500
41,973750
41,328000
40,036500
40,036500
42,619500
52,305750
55,534500
58,763250
60,054750
60,054750
59,409000
58,763250
58,763250
59,409000
60,700500
61,346250
61,346250
64,575000
60,054750
56,826000
51,660000
44,937600
42,129000
40,724700
39,320400
39,320400
40,724700
44,937600
53,363400
61,087050
66,704250
69,512850
70,215000
69,512850
70,215000
70,215000
68,108550
67,406400
67,406400
65,299950
64,597800
64,597800
65,299950
61,087050
50,554800
48,320000
45,300000
43,790000
42,280000
42,280000
43,790000
48,320000
57,380000
65,685000
71,725000
74,745000
75,500000
74,745000
75,500000
75,500000
73,235000
72,480000
72,480000
70,215000
69,460000
69,460000
70,215000
65,685000
54,360000
47,353600
44,394000
42,914200
41,434400
41,434400
42,914200
47,353600
56,232400
64,371300
70,290500
73,250100
73,990000
73,250100
73,990000
73,990000
71,770300
71,030400
71,030400
68,810700
68,070800
68,070800
68,810700
64,371300
53,272800
46,387200
43,488000
42,038400
40,588800
40,588800
42,038400
46,387200
55,084800
63,057600
68,856000
71,755200
72,480000
71,755200
72,480000
72,480000
70,305600
69,580800
69,580800
67,406400
66,681600
66,681600
67,406400
63,057600
52,185600
45,420800
42,582000
41,162600
39,743200
39,743200
41,162600
45,420800
53,937200
61,743900
67,421500
70,260300
70,970000
70,260300
70,970000
70,970000
68,840900
68,131200
68,131200
66,002100
65,292400
65,292400
66,002100
61,743900
51,098400
43,019900
40,694500
38,369100
37,787750
37,206400
36,043700
36,043700
38,369100
47,089350
49,996100
52,902850
54,065550
54,065550
53,484200
52,902850
52,902850
53,484200
54,646900
55,228250
55,228250
58,135000
54,065550
51,158800
46,508000
41,902500
39,637500
37,372500
36,806250
36,240000
35,107500
35,107500
37,372500
45,866250
48,697500
51,528750
52,661250
52,661250
52,095000
51,528750
51,528750
52,095000
53,227500
53,793750
53,793750
56,625000
52,661250
49,830000
45,300000
48,568320
45,532800
44,015040
42,497280
42,497280
44,015040
48,568320
57,674880
66,022560
72,093600
75,129120
75,888000
75,129120
75,888000
75,888000
73,611360
72,852480
72,852480
70,575840
69,816960
69,816960
70,575840
66,022560
54,639360
52,224000
48,960000
47,328000
45,696000
45,696000
47,328000
52,224000
62,016000
70,992000
77,520000
80,784000
81,600000
80,784000
81,600000
81,600000
79,152000
78,336000
78,336000
75,888000
75,072000
75,072000
75,888000
70,992000
58,752000
51,179520
47,980800
46,381440
44,782080
44,782080
46,381440
51,179520
60,775680
69,572160
75,969600
79,168320
79,968000
79,168320
79,968000
79,968000
77,568960
76,769280
76,769280
74,370240
73,570560
73,570560
74,370240
69,572160
57,576960
50,135040
47,001600
45,434880
43,868160
43,868160
45,434880
50,135040
59,535360
68,152320
74,419200
77,552640
78,336000
77,552640
78,336000
78,336000
75,985920
75,202550
75,202550
72,852480
72,069110
72,069110
72,852480
68,152320
56,401920
49,090560
46,022400
44,488320
42,954240
42,954240
44,488320
49,090560
58,295040
66,732480
72,868800
75,936960
76,703990
75,936960
76,703990
76,703990
74,402880
73,635830
73,635830
71,334720
70,567680
70,567680
71,334720
66,732480
55,226880
46,495680
43,982400
41,469120
40,840800
40,212480
38,955840
38,955840
41,469120
50,893920
54,035520
57,177120
58,433760
58,433760
57,805440
57,177120
57,177120
57,805440
59,062080
59,690400
59,690400
62,832000
58,433760
55,292160
50,265600
45,288000
42,840000
40,392000
39,780000
39,168000
37,944000
37,944000
40,392000
49,572000
52,632000
55,692000
56,916000
56,916000
56,304000
55,692000
55,692000
56,304000
57,528000
58,140000
58,140000
61,200000
56,916000
53,856000
48,960000
47,675520
44,695800
43,205940
41,716080
41,716080
43,205940
47,675520
56,614680
64,808910
70,768350
73,748070
74,493000
73,748070
74,493000
74,493000
72,258210
71,513280
71,513280
69,278490
68,533560
68,533560
69,278490
64,808910
53,634960
51,264000
48,060000
46,458000
44,856000
44,856000
46,458000
51,264000
60,876000
69,687000
76,095000
79,299000
80,100000
79,299000
80,100000
80,100000
77,697000
76,896000
76,896000
74,493000
73,692000
73,692000
74,493000
69,687000
57,672000
50,238720
47,098800
45,528840
43,958880
43,958880
45,528840
50,238720
59,658480
68,293260
74,573100
77,713020
78,498000
77,713020
78,498000
78,498000
76,143060
75,358080
75,358080
73,003140
72,218160
72,218160
73,003140
68,293260
56,518560
49,213440
46,137600
44,599680
43,061760
43,061760
44,599680
49,213440
58,440960
66,899520
73,051190
76,127040
76,896000
76,127040
76,896000
76,896000
74,589120
73,820150
73,820150
71,513280
70,744320
70,744320
71,513280
66,899520
55,365120
48,188160
45,176400
43,670520
42,164640
42,164640
43,670520
48,188160
57,223440
65,505780
71,529300
74,541060
75,294000
74,541060
75,294000
75,294000
73,035180
72,282230
72,282230
70,023420
69,270480
69,270480
70,023420
65,505780
54,211680
45,640980
43,173900
40,706820
40,090050
39,473280
38,239740
38,239740
40,706820
49,958370
53,042220
56,126070
57,359610
57,359610
56,742840
56,126070
56,126070
56,742840
57,976380
58,593150
58,593150
61,677000
57,359610
54,275760
49,341600
44,455500
42,052500
39,649500
39,048750
38,448000
37,246500
37,246500
39,649500
48,660750
51,664500
54,668250
55,869750
55,869750
55,269000
54,668250
54,668250
55,269000
56,470500
57,071250
57,071250
60,075000
55,869750
52,866000
48,060000
52,377600
49,104000
47,467200
45,830400
45,830400
47,467200
52,377600
62,198400
71,200800
77,748000
81,021600
81,840000
81,021600
81,840000
81,840000
79,384800
78,566400
78,566400
76,111200
75,292800
75,292800
76,111200
71,200800
58,924800
56,320000
52,800000
51,040000
49,280000
49,280000
51,040000
56,320000
66,880000
76,560000
83,600000
87,120000
88,000000
87,120000
88,000000
88,000000
85,360000
84,480000
84,480000
81,840000
80,960000
80,960000
81,840000
76,560000
63,360000
55,193600
51,744000
50,019200
48,294400
48,294400
50,019200
55,193600
65,542400
75,028800
81,928000
85,377600
86,240010
85,377600
86,240010
86,240010
83,652800
82,790400
82,790400
80,203200
79,340810
79,340810
80,203200
75,028800
62,092800
54,067200
50,688000
48,998400
47,308800
47,308800
48,998400
54,067200
64,204800
73,497600
80,256000
83,635200
84,480000
83,635200
84,480000
84,480000
81,945600
81,100800
81,100800
78,566400
77,721600
77,721600
78,566400
73,497600
60,825600
52,940800
49,632000
47,977600
46,323200
46,323200
47,977600
52,940800
62,867200
71,966400
78,584000
81,892800
82,720000
81,892800
82,720000
82,720000
80,238400
79,411200
79,411200
76,929600
76,102400
76,102400
76,929600
71,966400
59,558400
50,142400
47,432000
44,721600
44,044000
43,366400
42,011200
42,011200
44,721600
54,885600
58,273600
61,661600
63,016800
63,016800
62,339200
61,661600
61,661600
62,339200
63,694400
64,371990
64,371990
67,759990
63,016800
59,628800
54,208000
48,840000
46,200000
43,560000
42,900000
42,240000
40,920000
40,920000
43,560000
53,460000
56,760000
60,060000
61,380000
61,380000
60,720000
60,060000
60,060000
60,720000
62,040000
62,700000
62,700000
66,000000
61,380000
58,080000
52,800000
42,301980
41,630520
40,287600
38,944680
39,616140
43,644900
48,345120
57,074100
63,788700
66,474540
67,146000
66,474540
62,445780
61,774320
60,431400
59,088480
60,431400
61,774320
64,460160
65,803080
64,460160
60,431400
53,716800
47,002200
45,486000
44,764000
43,320000
41,876000
42,598000
46,930000
51,984000
61,370000
68,590000
71,478000
72,200000
71,478000
67,146000
66,424000
64,980000
63,536000
64,980000
66,424000
69,312000
70,756000
69,312000
64,980000
57,760000
50,540000
44,576280
43,868720
42,453600
41,038480
41,746040
45,991400
50,944320
60,142600
67,218200
70,048440
70,756000
70,048440
65,803080
65,095520
63,680400
62,265280
63,680400
65,095520
67,925760
69,340880
67,925760
63,680400
56,604800
49,529200
43,666560
42,973440
41,587200
40,200950
40,894080
45,052800
49,904640
58,915200
65,846400
68,618870
69,312000
68,618870
64,460160
63,767040
62,380790
60,994560
62,380790
63,767040
66,539510
67,925760
66,539510
62,380790
55,449600
48,518390
42,756840
42,078160
40,720800
39,363440
40,042120
44,114200
48,864960
57,687800
64,474590
67,189320
67,868000
67,189320
63,117240
62,438560
61,081200
59,723840
61,081200
62,438560
65,153270
66,510640
65,153270
61,081200
54,294400
47,507600
41,695500
40,583620
38,359860
36,692040
36,136100
36,136100
37,803920
41,139560
46,143020
49,478660
51,146480
52,258360
50,590540
50,034600
50,034600
47,810840
47,254900
48,922720
51,146480
55,594000
53,926180
52,814300
50,034600
47,254900
40,612500
39,529500
37,363500
35,739000
35,197500
35,197500
36,822000
40,071000
44,944500
48,193500
49,818000
50,901000
49,276500
48,735000
48,735000
46,569000
46,027500
47,652000
49,818000
54,150000
52,525500
51,442500
48,735000
46,027500
45,465840
44,744160
43,300800
41,857440
42,579120
46,909200
51,960960
61,342800
68,559600
71,446320
72,168000
71,446320
67,116240
66,394560
64,951190
63,507840
64,951190
66,394560
69,281280
70,724640
69,281280
64,951190
57,734400
50,517600
48,888000
48,112000
46,560000
45,008000
45,784000
50,440000
55,872000
65,960000
73,720000
76,824000
77,600000
76,824000
72,168000
71,392000
69,840000
68,288000
69,840000
71,392000
74,495990
76,048000
74,495990
69,840000
62,080000
54,320000
47,910240
47,149760
45,628800
44,107840
44,868320
49,431200
54,754560
64,640800
72,245600
75,287520
76,048000
75,287520
70,724640
69,964160
68,443200
66,922240
68,443200
69,964160
73,006080
74,527040
73,006080
68,443200
60,838400
53,233600
46,932480
46,187520
44,697600
43,207680
43,952640
48,422400
53,637120
63,321600
70,771190
73,751040
74,495990
73,751040
69,281280
68,536320
67,046390
65,556480
67,046390
68,536320
71,516160
73,006080
71,516160
67,046390
59,596800
52,147200
45,954720
45,225280
43,766400
42,307520
43,036960
47,413600
52,519680
62,002400
69,296800
72,214560
72,944000
72,214560
67,837920
67,108480
65,649600
64,190720
65,649600
67,108480
70,026240
71,485120
70,026240
65,649600
58,355200
51,060800
44,814000
43,618960
41,228880
39,436320
38,838800
38,838800
40,631360
44,216480
49,594160
53,179280
54,971840
56,166880
54,374320
53,776790
53,776790
51,386720
50,789200
52,581760
54,971840
59,752000
57,959440
56,764400
53,776790
50,789200
43,650000
42,486000
40,158000
38,412000
37,830000
37,830000
39,576000
43,068000
48,306000
51,798000
53,544000
54,708000
52,962000
52,380000
52,380000
50,052000
49,470000
51,216000
53,544000
58,200000
56,454000
55,290000
52,380000
49,470000
46,872000
46,128000
44,640000
43,152000
43,896000
48,360000
53,568000
63,240000
70,680000
73,656000
74,400000
73,656000
69,192000
68,448000
66,960000
65,472000
66,960000
68,448000
71,424000
72,912000
71,424000
66,960000
59,520000
52,080000
50,400000
49,600000
48,000000
46,400000
47,200000
52,000000
57,600000
68,000000
76,000000
79,200000
80,000000
79,200000
74,400000
73,600000
72,000000
70,400000
72,000000
73,600000
76,800000
78,400000
76,800000
72,000000
64,000000
56,000000
49,392000
48,608000
47,040000
45,472000
46,256000
50,960000
56,448000
66,640000
74,480000
77,616000
78,400000
77,616000
72,912000
72,128010
70,560000
68,992000
70,560000
72,128010
75,264000
76,832000
75,264000
70,560000
62,720000
54,880000
48,384000
47,616000
46,080000
44,544000
45,312000
49,920000
55,296000
65,280000
72,960000
76,032000
76,800000
76,032000
71,424000
70,656000
69,120000
67,584000
69,120000
70,656000
73,728000
75,264000
73,728000
69,120000
61,440000
53,760000
47,376000
46,624000
45,120000
43,616000
44,368000
48,880000
54,144000
63,920000
71,440000
74,448000
75,200000
74,448000
69,936000
69,184000
67,680000
66,176000
67,680000
69,184000
72,192000
73,696000
72,192000
67,680000
60,160000
52,640000
46,200000
44,968000
42,504000
40,656000
40,040000
40,040000
41,888000
45,584000
51,128000
54,824000
56,672000
57,904000
56,056000
55,440000
55,440000
52,976000
52,360000
54,208000
56,672000
61,600000
59,752000
58,520000
55,440000
52,360000
45,000000
43,800000
41,400000
39,600000
39,000000
39,000000
40,800000
44,400000
49,800000
53,400000
55,200000
56,400000
54,600000
54,000000
54,000000
51,600000
51,000000
52,800000
55,200000
60,000000
58,200000
57,000000
54,000000
51,000000
42,712110
42,034140
40,678200
39,322260
40,000230
44,068050
48,813840
57,627450
64,407150
67,119030
67,797000
67,119030
63,051210
62,373240
61,017300
59,661360
61,017300
62,373240
65,085120
66,441060
65,085120
61,017300
54,237600
47,457900
45,927000
45,198000
43,740000
42,282000
43,011000
47,385000
52,488000
61,965000
69,255000
72,171010
72,900000
72,171010
67,797000
67,068000
65,610000
64,152000
65,610000
67,068000
69,984000
71,442000
69,984000
65,610000
58,320000
51,030000
45,008460
44,294040
42,865200
41,436360
42,150780
46,437300
51,438240
60,725700
67,869900
70,727580
71,442000
70,727580
66,441060
65,726650
64,297800
62,868960
64,297800
65,726650
68,584320
70,013160
68,584320
64,297800
57,153600
50,009400
44,089920
43,390080
41,990400
40,590720
41,290560
45,489600
50,388480
59,486400
66,484800
69,284160
69,984000
69,284160
65,085120
64,385280
62,985600
61,585920
62,985600
64,385280
67,184640
68,584320
67,184640
62,985600
55,987200
48,988800
43,171380
42,486120
41,115600
39,745080
40,430340
44,541900
49,338720
58,247100
65,099700
67,840740
68,526000
67,840740
63,729180
63,043920
61,673400
60,302880
61,673400
63,043920
65,784960
67,155480
65,784960
61,673400
54,820800
47,968200
42,099750
40,977090
38,731770
37,047780
36,486450
36,486450
38,170440
41,538420
46,590390
49,958370
51,642360
52,765020
51,081030
50,519700
50,519700
48,274380
47,713050
49,397040
51,642360
56,133000
54,449010
53,326350
50,519700
47,713050
41,006250
39,912750
37,725750
36,085500
35,538750
35,538750
37,179000
40,459500
45,380250
48,660750
50,301000
51,394500
49,754250
49,207500
49,207500
47,020500
46,473750
48,114000
50,301000
54,675000
53,034750
51,941250
49,207500
46,473750
42,536340
41,861160
40,510800
39,160440
39,835620
43,886700
48,612960
57,390300
64,142100
66,842820
67,518000
66,842820
62,791740
62,116560
60,766200
59,415840
60,766200
62,116560
64,817280
66,167640
64,817280
60,766200
54,014400
47,262600
45,738000
45,012000
43,560000
42,108000
42,834000
47,190000
52,272000
61,710000
68,970000
71,874000
72,600000
71,874000
67,518000
66,792000
65,340000
63,888000
65,340000
66,792000
69,696000
71,148000
69,696000
65,340000
58,080000
50,820000
44,823240
44,111760
42,688800
41,265840
41,977320
46,246200
51,226560
60,475800
67,590600
70,436520
71,148000
70,436520
66,167640
65,456160
64,033200
62,610240
64,033200
65,456160
68,302080
69,725040
68,302080
64,033200
56,918400
49,803600
43,908480
43,211520
41,817600
40,423680
41,120640
45,302390
50,181120
59,241600
66,211200
68,999040
69,696000
68,999040
64,817280
64,120320
62,726390
61,332480
62,726390
64,120320
66,908160
68,302080
66,908160
62,726390
55,756800
48,787200
42,993720
42,311280
40,946400
39,581520
40,263960
44,358600
49,135680
58,007400
64,831790
67,561560
68,244000
67,561560
63,466920
62,784480
61,419600
60,054720
61,419600
62,784480
65,514240
66,879120
65,514240
61,419600
54,595200
47,770800
41,926500
40,808460
38,572380
36,895320
36,336300
36,336300
38,013360
41,367480
46,398660
49,752780
51,429840
52,547880
50,870820
50,311800
50,311800
48,075720
47,516700
49,193760
51,429840
55,902000
54,224940
53,106900
50,311800
47,516700
40,837500
39,748500
37,570500
35,937000
35,392500
35,392500
37,026000
40,293000
45,193500
48,460500
50,094000
51,183000
49,549500
49,005000
49,005000
46,827000
46,282500
47,916000
50,094000
54,450000
52,816500
51,727500
49,005000
46,282500
41,305950
40,650300
39,339000
38,027700
38,683350
42,617250
47,206800
55,730250
62,286750
64,909350
65,565000
64,909350
60,975450
60,319800
59,008500
57,697200
59,008500
60,319800
62,942400
64,253700
62,942400
59,008500
52,452000
45,895500
44,415000
43,710000
42,300000
40,890000
41,595000
45,825000
50,760000
59,925000
66,975000
69,795000
70,500000
69,795000
65,565000
64,860000
63,450000
62,040000
63,450000
64,860000
67,680000
69,090000
67,680000
63,450000
56,400000
49,350000
43,526700
42,835800
41,454000
40,072200
40,763100
44,908500
49,744800
58,726500
65,635500
68,399100
69,090000
68,399100
64,253700
63,562800
62,181000
60,799200
62,181000
63,562800
66,326400
67,708210
66,326400
62,181000
55,272000
48,363000
42,638400
41,961600
40,608000
39,254400
39,931200
43,992000
48,729600
57,528000
64,296000
67,003200
67,680000
67,003200
62,942400
62,265600
60,912000
59,558400
60,912000
62,265600
64,972790
66,326400
64,972790
60,912000
54,144000
47,376000
41,750100
41,087400
39,762000
38,436600
39,099300
43,075500
47,714400
56,329500
62,956500
65,607300
66,270000
65,607300
61,631100
60,968400
59,643000
58,317600
59,643000
60,968400
63,619200
64,944600
63,619200
59,643000
53,016000
46,389000
40,713750
39,628050
37,456650
35,828100
35,285250
35,285250
36,913800
40,170900
45,056550
48,313650
49,942200
51,027900
49,399350
48,856500
48,856500
46,685100
46,142250
47,770800
49,942200
54,285000
52,656450
51,570750
48,856500
46,142250
39,656250
38,598750
36,483750
34,897500
34,368750
34,368750
35,955000
39,127500
43,886250
47,058750
48,645000
49,702500
48,116250
47,587500
47,587500
45,472500
44,943750
46,530000
48,645000
52,875000
51,288750
50,231250
47,587500
44,943750
45,700200
44,974800
43,524000
42,073200
42,798600
47,151000
52,228800
61,659000
68,913000
71,814600
72,540000
71,814600
67,462200
66,736800
65,286000
63,835200
65,286000
66,736800
69,638400
71,089200
69,638400
65,286000
58,032000
50,778000
49,140000
48,360000
46,800000
45,240000
46,020000
50,700000
56,160000
66,300000
74,100000
77,220000
78,000000
77,220000
72,540000
71,760000
70,200000
68,640000
70,200000
71,760000
74,880000
76,440000
74,880000
70,200000
62,400000
54,600000
48,157200
47,392800
45,864000
44,335200
45,099600
49,686000
55,036800
64,974010
72,618000
75,675610
76,440000
75,675610
71,089200
70,324810
68,796000
67,267200
68,796000
70,324810
73,382400
74,911200
73,382400
68,796000
61,152000
53,508000
47,174400
46,425600
44,928000
43,430400
44,179200
48,672000
53,913600
63,648000
71,135990
74,131200
74,880000
74,131200
69,638400
68,889600
67,392000
65,894400
67,392000
68,889600
71,884800
73,382400
71,884800
67,392000
59,904000
52,416000
46,191600
45,458400
43,992000
42,525600
43,258800
47,658000
52,790400
62,322000
69,654000
72,586800
73,320000
72,586800
68,187600
67,454400
65,988000
64,521600
65,988000
67,454400
70,387200
71,853600
70,387200
65,988000
58,656000
51,324000
45,045000
43,843800
41,441400
39,639600
39,039000
39,039000
40,840800
44,444400
49,849800
53,453400
55,255200
56,456400
54,654600
54,054000
54,054000
51,651600
51,051000
52,852800
55,255200
60,060000
58,258200
57,057000
54,054000
51,051000
43,875000
42,705000
40,365000
38,610000
38,025000
38,025000
39,780000
43,290000
48,555000
52,065000
53,820000
54,990000
53,235000
52,650000
52,650000
50,310000
49,725000
51,480000
53,820000
58,500000
56,745000
55,575000
52,650000
49,725000
40,720050
40,073700
38,781000
37,488300
38,134650
42,012750
46,537200
54,939750
61,403250
63,988650
64,635000
63,988650
60,110550
59,464200
58,171500
56,878800
58,171500
59,464200
62,049600
63,342300
62,049600
58,171500
51,708000
45,244500
43,785000
43,090000
41,700000
40,310000
41,005000
45,175000
50,040000
59,075000
66,025000
68,805000
69,500000
68,805000
64,635000
63,940000
62,550000
61,160000
62,550000
63,940000
66,720000
68,110000
66,720000
62,550000
55,600000
48,650000
42,909300
42,228200
40,866000
39,503800
40,184900
44,271500
49,039200
57,893500
64,704500
67,428900
68,110000
67,428900
63,342300
62,661200
61,299000
59,936800
61,299000
62,661200
65,385600
66,747800
65,385600
61,299000
54,488000
47,677000
42,033600
41,366400
40,032000
38,697600
39,364800
43,368000
48,038400
56,712000
63,384000
66,052800
66,720000
66,052800
62,049600
61,382400
60,048000
58,713600
60,048000
61,382400
64,051200
65,385600
64,051200
60,048000
53,376000
46,704000
41,157900
40,504600
39,198000
37,891400
38,544700
42,464500
47,037600
55,530500
62,063500
64,676700
65,330000
64,676700
60,756900
60,103600
58,797000
57,490400
58,797000
60,103600
62,716800
64,023400
62,716800
58,797000
52,264000
45,731000
40,136250
39,065950
36,925350
35,319900
34,784750
34,784750
36,390200
39,601100
44,417450
47,628350
49,233800
50,304100
48,698650
48,163500
48,163500
46,022900
45,487750
47,093200
49,233800
53,515000
51,909550
50,839250
48,163500
45,487750
39,093750
38,051250
35,966250
34,402500
33,881250
33,881250
35,445000
38,572500
43,263750
46,391250
47,955000
48,997500
47,433750
46,912500
46,912500
44,827500
44,306250
45,870000
47,955000
52,125000
50,561250
49,518750
46,912500
44,306250
42,419160
41,745840
40,399200
39,052560
39,725880
43,765800
48,479040
57,232200
63,965400
66,658680
67,332000
66,658680
62,618760
61,945440
60,598800
59,252160
60,598800
61,945440
64,638720
65,985370
64,638720
60,598800
53,865600
47,132400
45,612000
44,888000
43,440000
41,992000
42,716000
47,060000
52,128000
61,540000
68,780000
71,676000
72,400000
71,676000
67,332000
66,608000
65,160000
63,712000
65,160000
66,608000
69,504000
70,952000
69,504000
65,160000
57,920000
50,680000
44,699760
43,990240
42,571210
41,152160
41,861680
46,118800
51,085450
60,309200
67,404400
70,242490
70,952000
70,242490
65,985370
65,275840
63,856800
62,437760
63,856800
65,275840
68,113920
69,532970
68,113920
63,856800
56,761600
49,666400
43,787520
43,092480
41,702400
40,312320
41,007360
45,177600
50,042880
59,078400
66,028800
68,808960
69,504000
68,808960
64,638720
63,943680
62,553600
61,163520
62,553600
63,943680
66,723840
68,113920
66,723840
62,553600
55,603200
48,652800
42,875280
42,194720
40,833600
39,472480
40,153040
44,236400
49,000320
57,847600
64,653200
67,375440
68,056000
67,375440
63,292080
62,611520
61,250400
59,889280
61,250400
62,611520
65,333760
66,694890
65,333760
61,250400
54,444800
47,639200
41,811000
40,696040
38,466120
36,793680
36,236200
36,236200
37,908640
41,253520
46,270840
49,615720
51,288160
52,403120
50,730680
50,173200
50,173200
47,943280
47,385800
49,058240
51,288160
55,748000
54,075560
52,960600
50,173200
47,385800
40,725000
39,639000
37,467000
35,838000
35,295000
35,295000
36,924000
40,182000
45,069000
48,327000
49,956000
51,042000
49,413000
48,870000
48,870000
46,698000
46,155000
47,784000
49,956000
54,300000
52,671000
51,585000
48,870000
46,155000
42,419160
41,745840
40,399200
39,052560
39,725880
43,765800
48,479040
57,232200
63,965400
66,658680
67,332000
66,658680
62,618760
61,945440
60,598800
59,252160
60,598800
61,945440
64,638720
65,985370
64,638720
60,598800
53,865600
47,132400
45,612000
44,888000
43,440000
41,992000
42,716000
47,060000
52,128000
61,540000
68,780000
71,676000
72,400000
71,676000
67,332000
66,608000
65,160000
63,712000
65,160000
66,608000
69,504000
70,952000
69,504000
65,160000
57,920000
50,680000
44,699760
43,990240
42,571210
41,152160
41,861680
46,118800
51,085450
60,309200
67,404400
70,242490
70,952000
70,242490
65,985370
65,275840
63,856800
62,437760
63,856800
65,275840
68,113920
69,532970
68,113920
63,856800
56,761600
49,666400
43,787520
43,092480
41,702400
40,312320
41,007360
45,177600
50,042880
59,078400
66,028800
68,808960
69,504000
68,808960
64,638720
63,943680
62,553600
61,163520
62,553600
63,943680
66,723840
68,113920
66,723840
62,553600
55,603200
48,652800
42,875280
42,194720
40,833600
39,472480
40,153040
44,236400
49,000320
57,847600
64,653200
67,375440
68,056000
67,375440
63,292080
62,611520
61,250400
59,889280
61,250400
62,611520
65,333760
66,694890
65,333760
61,250400
54,444800
47,639200
41,811000
40,696040
38,466120
36,793680
36,236200
36,236200
37,908640
41,253520
46,270840
49,615720
51,288160
52,403120
50,730680
50,173200
50,173200
47,943280
47,385800
49,058240
51,288160
55,748000
54,075560
52,960600
50,173200
47,385800
40,725000
39,639000
37,467000
35,838000
35,295000
35,295000
36,924000
40,182000
45,069000
48,327000
49,956000
51,042000
49,413000
48,870000
48,870000
46,698000
46,155000
47,784000
49,956000
54,300000
52,671000
51,585000
48,870000
46,155000
43,532370
42,841380
41,459400
40,077420
40,768410
44,914350
49,751290
58,734150
65,644050
68,408010
69,099010
68,408010
64,262080
63,571080
62,189100
60,807120
62,189100
63,571080
66,335040
67,717030
66,335040
62,189100
55,279210
48,369300
46,809000
46,066000
44,580000
43,094000
43,837000
48,295000
53,496010
63,155000
70,585000
73,557010
74,300000
73,557010
69,099010
68,356000
66,870000
65,384000
66,870000
68,356000
71,328000
72,814000
71,328000
66,870000
59,440000
52,010000
45,872820
45,144680
43,688400
42,232120
42,960260
47,329100
52,426090
61,891910
69,173300
72,085870
72,814000
72,085870
67,717030
66,988880
65,532600
64,076320
65,532600
66,988880
69,901440
71,357730
69,901440
65,532600
58,251210
50,969800
44,936640
44,223360
42,796800
41,370240
42,083520
46,363200
51,356160
60,628800
67,761600
70,614720
71,328000
70,614720
66,335040
65,621770
64,195200
62,768640
64,195200
65,621770
68,474880
69,901440
68,474880
64,195200
57,062400
49,929600
44,000460
43,302040
41,905200
40,508360
41,206780
45,397300
50,286240
59,365700
66,349900
69,143590
69,842000
69,143590
64,953060
64,254650
62,857800
61,460960
62,857800
64,254650
67,048320
68,445170
67,048320
62,857800
55,873600
48,889400
42,908250
41,764030
39,475590
37,759260
37,187150
37,187150
38,903480
42,336140
47,485130
50,917790
52,634120
53,778340
52,062010
51,489900
51,489900
49,201460
48,629350
50,345680
52,634120
57,211000
55,494670
54,350450
51,489900
48,629350
41,793750
40,679250
38,450250
36,778500
36,221250
36,221250
37,893000
41,236500
46,251750
49,595250
51,267000
52,381500
50,709750
50,152500
50,152500
47,923500
47,366250
49,038000
51,267000
55,725000
54,053250
52,938750
50,152500
47,366250
43,590960
42,899040
41,515200
40,131360
40,823280
44,974800
49,818240
58,813200
65,732400
68,500080
69,192000
68,500080
64,348560
63,656640
62,272800
60,888960
62,272800
63,656640
66,424320
67,808170
66,424320
62,272800
55,353600
48,434400
46,872000
46,128000
44,640000
43,152000
43,896000
48,360000
53,568000
63,240000
70,680000
73,656010
74,400000
73,656010
69,192000
68,448010
66,960000
65,472000
66,960000
68,448010
71,424000
72,912000
71,424000
66,960000
59,520000
52,080000
45,934560
45,205440
43,747200
42,288960
43,018080
47,392800
52,496640
61,975200
69,266400
72,182880
72,912000
72,182880
67,808170
67,079040
65,620800
64,162560
65,620800
67,079040
69,995520
71,453770
69,995520
65,620800
58,329610
51,038400
44,997120
44,282880
42,854400
41,425920
42,140160
46,425600
51,425280
60,710400
67,852800
70,709760
71,424000
70,709760
66,424320
65,710080
64,281600
62,853120
64,281600
65,710080
68,567040
69,995520
68,567040
64,281600
57,139200
49,996800
44,059680
43,360320
41,961600
40,562880
41,262240
45,458400
50,353920
59,445600
66,439200
69,236640
69,936000
69,236640
65,040480
64,341130
62,942400
61,543680
62,942400
64,341130
67,138560
68,537280
67,138560
62,942400
55,948800
48,955200
42,966000
41,820240
39,528720
37,810080
37,237200
37,237200
38,955840
42,393120
47,549040
50,986320
52,704960
53,850720
52,132080
51,559200
51,559200
49,267680
48,694800
50,413440
52,704960
57,288000
55,569360
54,423600
51,559200
48,694800
41,850000
40,734000
38,502000
36,828000
36,270000
36,270000
37,944000
41,292000
46,314000
49,662000
51,336000
52,452000
50,778000
50,220000
50,220000
47,988000
47,430000
49,104000
51,336000
55,800000
54,126000
53,010000
50,220000
47,430000
46,872000
46,128000
44,640000
43,152000
43,896000
48,360000
53,568000
63,240000
70,680000
73,656000
74,400000
73,656000
69,192000
68,448000
66,960000
65,472000
66,960000
68,448000
71,424000
72,912000
71,424000
66,960000
59,520000
52,080000
50,400000
49,600000
48,000000
46,400000
47,200000
52,000000
57,600000
68,000000
76,000000
79,200000
80,000000
79,200000
74,400000
73,600000
72,000000
70,400000
72,000000
73,600000
76,800000
78,400000
76,800000
72,000000
64,000000
56,000000
49,392000
48,608000
47,040000
45,472000
46,256000
50,960000
56,448000
66,640000
74,480000
77,616000
78,400000
77,616000
72,912000
72,128010
70,560000
68,992000
70,560000
72,128010
75,264000
76,832000
75,264000
70,560000
62,720000
54,880000
48,384000
47,616000
46,080000
44,544000
45,312000
49,920000
55,296000
65,280000
72,960000
76,032000
76,800000
76,032000
71,424000
70,656000
69,120000
67,584000
69,120000
70,656000
73,728000
75,264000
73,728000
69,120000
61,440000
53,760000
47,376000
46,624000
45,120000
43,616000
44,368000
48,880000
54,144000
63,920000
71,440000
74,448000
75,200000
74,448000
69,936000
69,184000
67,680000
66,176000
67,680000
69,184000
72,192000
73,696000
72,192000
67,680000
60,160000
52,640000
46,200000
44,968000
42,504000
40,656000
40,040000
40,040000
41,888000
45,584000
51,128000
54,824000
56,672000
57,904000
56,056000
55,440000
55,440000
52,976000
52,360000
54,208000
56,672000
61,600000
59,752000
58,520000
55,440000
52,360000
45,000000
43,800000
41,400000
39,600000
39,000000
39,000000
40,800000
44,400000
49,800000
53,400000
55,200000
56,400000
54,600000
54,000000
54,000000
51,600000
51,000000
52,800000
55,200000
60,000000
58,200000
57,000000
54,000000
51,000000
54,895110
51,617790
49,159800
48,340470
48,340470
49,159800
60,630420
70,462380
77,836350
78,655680
78,655680
77,836350
77,836350
77,836350
76,197690
77,017020
81,113670
81,933000
81,933000
78,655680
74,559030
68,004390
59,811090
51,617790
59,027000
55,503000
52,860000
51,979000
51,979000
52,860000
65,194000
75,766000
83,695000
84,576000
84,576000
83,695000
83,695000
83,695000
81,933000
82,814000
87,219000
88,100000
88,100000
84,576000
80,171000
73,122990
64,313000
55,503000
57,846460
54,392940
51,802800
50,939420
50,939420
51,802800
63,890120
74,250680
82,021100
82,884480
82,884480
82,021100
82,021100
82,021100
80,294340
81,157720
85,474620
86,338000
86,338000
82,884480
78,567580
71,660540
63,026740
54,392940
56,665920
53,282880
50,745600
49,899840
49,899840
50,745600
62,586240
72,735360
80,347200
81,192960
81,192960
80,347200
80,347200
80,347200
78,655680
79,501430
83,730240
84,576000
84,576000
81,192960
76,964160
70,198070
61,740480
53,282880
55,485380
52,172820
49,688400
48,860260
48,860260
49,688400
61,282360
71,220040
78,673290
79,501430
79,501430
78,673290
78,673290
78,673290
77,017020
77,845160
81,985860
82,814000
82,814000
79,501430
75,360740
68,735620
60,454220
52,172820
52,912860
48,842640
46,129160
44,772420
43,415680
44,094050
44,772420
47,485900
54,269600
59,696560
61,053300
61,731670
61,053300
59,696560
59,018190
59,018190
61,731670
67,837000
67,158630
65,801890
63,766780
62,410040
59,018190
54,947970
51,538500
47,574000
44,931000
43,609500
42,288000
42,948750
43,609500
46,252500
52,860000
58,146000
59,467500
60,128250
59,467500
58,146000
57,485250
57,485250
60,128250
66,075000
65,414250
64,092750
62,110500
60,789000
57,485250
53,520750
55,144350
51,852150
49,383000
48,559950
48,559950
49,383000
60,905700
70,782300
78,189750
79,012800
79,012800
78,189750
78,189750
78,189750
76,543650
77,366700
81,481950
82,305000
82,305000
79,012800
74,897550
68,313150
60,082650
51,852150
59,295000
55,755000
53,100000
52,215000
52,215000
53,100000
65,490000
76,110000
84,075000
84,960000
84,960000
84,075000
84,075000
84,075000
82,305000
83,190000
87,615000
88,500000
88,500000
84,960000
80,535000
73,455000
64,605000
55,755000
58,109100
54,639900
52,038000
51,170700
51,170700
52,038000
64,180200
74,587800
82,393500
83,260800
83,260800
82,393500
82,393500
82,393500
80,658910
81,526200
85,862700
86,730000
86,730000
83,260800
78,924300
71,985900
63,312900
54,639900
56,923200
53,524800
50,976000
50,126400
50,126400
50,976000
62,870400
73,065600
80,712000
81,561600
81,561600
80,712000
80,712000
80,712000
79,012800
79,862400
84,110400
84,960000
84,960000
81,561600
77,313600
70,516800
62,020800
53,524800
55,737300
52,409700
49,914000
49,082100
49,082100
49,914000
61,560600
71,543400
79,030500
79,862400
79,862400
79,030500
79,030500
79,030500
77,366700
78,198600
82,358100
83,190000
83,190000
79,862400
75,702900
69,047700
60,728700
52,409700
53,153100
49,064400
46,338600
44,975700
43,612800
44,294250
44,975700
47,701500
54,516000
59,967600
61,330500
62,011950
61,330500
59,967600
59,286150
59,286150
62,011950
68,145000
67,463550
66,100650
64,056300
62,693400
59,286150
55,197450
51,772500
47,790000
45,135000
43,807500
42,480000
43,143750
43,807500
46,462500
53,100000
58,410000
59,737500
60,401250
59,737500
58,410000
57,746250
57,746250
60,401250
66,375000
65,711250
64,383750
62,392500
61,065000
57,746250
53,763750
56,639790
53,258310
50,722200
49,876830
49,876830
50,722200
62,557380
72,701820
80,310150
81,155520
81,155520
80,310150
80,310150
80,310150
78,619420
79,464780
83,691640
84,537000
84,537000
81,155520
76,928670
70,165710
61,712010
53,258310
60,903000
57,267000
54,540000
53,631000
53,631000
54,540000
67,266000
78,174000
86,355000
87,264000
87,264000
86,355000
86,355000
86,355000
84,537000
85,446000
89,991000
90,900000
90,900000
87,264000
82,719000
75,447000
66,357000
57,267000
59,684940
56,121660
53,449200
52,558380
52,558380
53,449200
65,920680
76,610530
84,627900
85,518720
85,518720
84,627900
84,627900
84,627900
82,846260
83,737080
88,191180
89,082000
89,082000
85,518720
81,064630
73,938060
65,029860
56,121660
58,466880
54,976320
52,358400
51,485760
51,485760
52,358400
64,575360
75,047040
82,900790
83,773440
83,773440
82,900790
82,900790
82,900790
81,155520
82,028160
86,391360
87,264000
87,264000
83,773440
79,410240
72,429120
63,702720
54,976320
57,248820
53,830980
51,267600
50,413140
50,413140
51,267600
63,230040
73,483560
81,173700
82,028160
82,028160
81,173700
81,173700
81,173700
79,464780
80,319240
84,591550
85,446000
85,446000
82,028160
77,755870
70,920180
62,375580
53,830980
54,594540
50,394960
47,595240
46,195380
44,795520
45,495450
46,195380
48,995100
55,994400
61,593840
62,993700
63,693630
62,993700
61,593840
60,893910
60,893910
63,693630
69,993000
69,293070
67,893210
65,793420
64,393560
60,893910
56,694330
53,176500
49,086000
46,359000
44,995500
43,632000
44,313750
44,995500
47,722500
54,540000
59,994000
61,357500
62,039250
61,357500
59,994000
59,312250
59,312250
62,039250
68,175000
67,493250
66,129750
64,084500
62,721000
59,312250
55,221750
58,571400
55,074600
52,452000
51,577800
51,577800
52,452000
64,690800
75,181200
83,049000
83,923200
83,923200
83,049000
83,049000
83,049000
81,300600
82,174800
86,545800
87,420000
87,420000
83,923200
79,552200
72,558600
63,816600
55,074600
62,980000
59,220000
56,400000
55,460000
55,460000
56,400000
69,560000
80,840000
89,300000
90,240000
90,240000
89,300000
89,300000
89,300000
87,420000
88,360000
93,060000
94,000000
94,000000
90,240000
85,540000
78,020000
68,620000
59,220000
61,720400
58,035600
55,272000
54,350800
54,350800
55,272000
68,168800
79,223210
87,514000
88,435200
88,435200
87,514000
87,514000
87,514000
85,671600
86,592800
91,198800
92,120000
92,120000
88,435200
83,829200
76,459600
67,247600
58,035600
60,460800
56,851200
54,144000
53,241600
53,241600
54,144000
66,777600
77,606400
85,728000
86,630390
86,630390
85,728000
85,728000
85,728000
83,923200
84,825600
89,337600
90,240000
90,240000
86,630390
82,118400
74,899200
65,875200
56,851200
59,201200
55,666800
53,016000
52,132400
52,132400
53,016000
65,386400
75,989600
83,942000
84,825600
84,825600
83,942000
83,942000
83,942000
82,174800
83,058400
87,476400
88,360000
88,360000
84,825600
80,407600
73,338800
64,502800
55,666800
56,456400
52,113600
49,218400
47,770800
46,323200
47,047000
47,770800
50,666000
57,904000
63,694400
65,142000
65,865800
65,142000
63,694400
62,970600
62,970600
65,865800
72,380000
71,656200
70,208600
68,037200
66,589600
62,970600
58,627800
54,990000
50,760000
47,940000
46,530000
45,120000
45,825000
46,530000
49,350000
56,400000
62,040000
63,450000
64,155000
63,450000
62,040000
61,335000
61,335000
64,155000
70,500000
69,795000
68,385000
66,270000
64,860000
61,335000
57,105000
55,455900
52,145100
49,662000
48,834300
48,834300
49,662000
61,249800
71,182210
78,631500
79,459200
79,459200
78,631500
78,631500
78,631500
76,976100
77,803800
81,942300
82,770000
82,770000
79,459200
75,320700
68,699100
60,422100
52,145100
59,630000
56,070000
53,400000
52,510000
52,510000
53,400000
65,860000
76,540000
84,550000
85,439990
85,439990
84,550000
84,550000
84,550000
82,770000
83,660000
88,110000
89,000000
89,000000
85,439990
80,990010
73,870000
64,970000
56,070000
58,437400
54,948600
52,332000
51,459800
51,459800
52,332000
64,542800
75,009200
82,859000
83,731200
83,731200
82,859000
82,859000
82,859000
81,114600
81,986800
86,347800
87,220000
87,220000
83,731200
79,370200
72,392600
63,670600
54,948600
57,244800
53,827200
51,264000
50,409600
50,409600
51,264000
63,225600
73,478400
81,168000
82,022400
82,022400
81,168000
81,168000
81,168000
79,459200
80,313600
84,585600
85,439990
85,439990
82,022400
77,750400
70,915200
62,371200
53,827200
56,052200
52,705800
50,196000
49,359400
49,359400
50,196000
61,908400
71,947600
79,477000
80,313600
80,313600
79,477000
79,477000
79,477000
77,803800
78,640400
82,823400
83,660000
83,660000
80,313600
76,130600
69,437800
61,071800
52,705800
53,453400
49,341600
46,600400
45,229800
43,859200
44,544500
45,229800
47,971000
54,824000
60,306400
61,677000
62,362300
61,677000
60,306400
59,621100
59,621100
62,362300
68,530000
67,844700
66,474100
64,418200
63,047600
59,621100
55,509300
52,065000
48,060000
45,390000
44,055000
42,720000
43,387500
44,055000
46,725000
53,400000
58,740000
60,075000
60,742500
60,075000
58,740000
58,072500
58,072500
60,742500
66,750000
66,082500
64,747510
62,745000
61,410000
58,072500
54,067500
58,696020
55,191780
52,563600
51,687540
51,687540
52,563600
64,828440
75,341160
83,225700
84,101750
84,101750
83,225700
83,225700
83,225700
81,473580
82,349640
86,729940
87,606000
87,606000
84,101750
79,721460
72,712970
63,952380
55,191780
63,114000
59,346000
56,520000
55,578000
55,578000
56,520000
69,708000
81,012000
89,490000
90,431990
90,431990
89,490000
89,490000
89,490000
87,606000
88,548000
93,258000
94,200000
94,200000
90,431990
85,722000
78,186000
68,766000
59,346000
61,851720
58,159080
55,389600
54,466440
54,466440
55,389600
68,313840
79,391760
87,700200
88,623360
88,623360
87,700200
87,700200
87,700200
85,853880
86,777040
91,392840
92,316000
92,316000
88,623360
84,007560
76,622280
67,390680
58,159080
60,589440
56,972160
54,259200
53,354870
53,354870
54,259200
66,919680
77,771510
85,910390
86,814710
86,814710
85,910390
85,910390
85,910390
84,101750
85,006070
89,527680
90,431990
90,431990
86,814710
82,293120
75,058560
66,015360
56,972160
59,327160
55,785240
53,128800
52,243320
52,243320
53,128800
65,525520
76,151280
84,120600
85,006070
85,006070
84,120600
84,120600
84,120600
82,349640
83,235120
87,662520
88,548000
88,548000
85,006070
80,578680
73,494830
64,640040
55,785240
56,576520
52,224480
49,323120
47,872440
46,421760
47,147090
47,872440
50,773800
58,027200
63,829920
65,280590
66,005940
65,280590
63,829920
63,104580
63,104580
66,005940
72,534000
71,808650
70,357980
68,181950
66,731280
63,104580
58,752540
55,106990
50,868000
48,042000
46,629000
45,216000
45,922500
46,629000
49,455000
56,520000
62,172000
63,585000
64,291500
63,585000
62,172000
61,465500
61,465500
64,291500
70,649990
69,943500
68,530500
66,411000
64,998000
61,465500
57,226500
60,440700
56,832300
54,126000
53,223900
53,223900
54,126000
66,755400
77,580600
85,699500
86,601600
86,601600
85,699500
85,699500
85,699500
83,895300
84,797400
89,307900
90,210000
90,210000
86,601600
82,091100
74,874300
65,853300
56,832300
64,990000
61,110000
58,200000
57,230000
57,230000
58,200000
71,780000
83,420000
92,150000
93,120000
93,120000
92,150000
92,150000
92,150000
90,210000
91,180000
96,030000
97,000000
97,000000
93,120000
88,270000
80,510000
70,810010
61,110000
63,690200
59,887800
57,036000
56,085400
56,085400
57,036000
70,344400
81,751600
90,307000
91,257600
91,257600
90,307000
90,307000
90,307000
88,405800
89,356400
94,109410
95,060010
95,060010
91,257600
86,504600
78,899800
69,393810
59,887800
62,390400
58,665600
55,872000
54,940800
54,940800
55,872000
68,908800
80,083200
88,464000
89,395200
89,395200
88,464000
88,464000
88,464000
86,601600
87,532800
92,188800
93,120000
93,120000
89,395200
84,739200
77,289600
67,977600
58,665600
61,090600
57,443400
54,708000
53,796200
53,796200
54,708000
67,473200
78,414800
86,621000
87,532800
87,532800
86,621000
86,621000
86,621000
84,797400
85,709200
90,268200
91,180000
91,180000
87,532800
82,973800
75,679400
66,561400
57,443400
58,258200
53,776800
50,789200
49,295400
47,801600
48,548500
49,295400
52,283000
59,752000
65,727200
67,220990
67,967900
67,220990
65,727200
64,980300
64,980300
67,967900
74,689990
73,943100
72,449300
70,208600
68,714800
64,980300
60,498900
56,745000
52,380000
49,470000
48,015000
46,560000
47,287500
48,015000
50,925000
58,200000
64,020000
65,475000
66,202500
65,475000
64,020000
63,292500
63,292500
66,202500
72,750000
72,022500
70,567500
68,385000
66,930000
63,292500